3
6
5
5
0.105892144
-0.051243532
-0.16214651
-0.28177676
-0.29602495
0.14288664
-0.0039984416
0.030502588
-0.3247246
-0.24622679
0.1266568
0.22241203
-0.013123545
-0.21926074
-0.35024694
0.34195572
0.25759062
0.072929345
0.019425057
-0.19072826
0.3599957
0.15278105
0.16669063
-0.11852544
-0.011823821
0.4558695
0.19164804
0.27252266
0.20959567
0.02045863
0.6355442
0.3159754
0.3148039
0.110030875
0.007813229
0.6741433
0.54350597
0.27461922
0.05977044
0.05313039
0.1740475
0.12929116
0.21902227
0.20062673
0.09661614
0.06011578
0.10549925
0.1214586
-0.007942517
-0.084068164
0.14251158
0.04825697
0.10959637
0.23720132
0.45504788
0.04402139
0.1286083
0.107202716
0.123732366
0.19418117
0.22287297
0.06409574
0.25900438
0.27732313
0.46202442
0.47102073
0.40241742
0.25046837
0.1593025
0.22746892
0.41578522
0.40366712
0.4487521
0.37211913
0.43741202
0.2617721
0.09236832
0.072354
0.05591603
0.2412062
0.27891824
0.11699437
0.10099623
0.12610878
0.005335336
0.32113862
0.23071198
0.16966358
0.04251501
0.0028237049
0.40413523
0.42609406
0.13915685
0.17426716
0.17014968
0.5056937
0.39456338
0.55882144
0.28800973
0.46737
0.39312205
0.15602008
0.30984733
0.41191092
0.4156956
0.3501162
0.3928815
0.3774703
0.6521935
0.7242239
0.40180832
0.50528616
0.39746156
0.5892728
0.6061309
0.20090595
0.28061962
0.46156853
0.58932775
0.5828872
0.057699997
0.14211434
0.28013903
0.61734134
0.6756112
0.3956504
0.5197903
0.3307597
0.3389225
0.040185485
0.5431694
0.7858123
0.6981309
0.41019848
0.20695288
0.56000936
0.77360547
0.5584175
0.4802764
0.49731544
0.4234353
0.39049536
0.3975653
0.44443575
0.31991068
-0.024177266
0.060274933
0.14767396
0.30919155
0.15372477
-0.071566686
-0.2730929
-0.5514387
-0.52650994
-0.6988733
0.20681836
-0.1458684
-0.52003735
-0.4803522
-0.6693152
0.13901767
0.05377646
-0.08456511
-0.46734327
-0.6443272
0.1276562
-0.0098968325
-0.13465723
-0.32366833
-0.3409416
0.036568694
0.12784082
0.011240255
-0.08989759
-0.296522
0.59545183
0.5794581
0.45254904
0.37821707
-0.027451988
0.66744524
0.6701004
0.6459554
0.6000654
0.43862534
0.58446854
0.67919654
0.59704274
0.58280504
0.4312032
0.3099423
0.4599153
0.28207874
0.09611363
0.113154456
-0.19862215
0.051355805
0.018485751
-0.13400754
-0.24333857
0.0008725972
-0.17267287
0.010140996
-0.0033359358
0.12709823
0.11289121
-0.0769684
-0.13287947
-0.14179549
-0.04673276
0.121142425
0.010797452
-0.15156788
0.013597748
-0.018255664
0.2454261
0.10783295
0.119231775
0.2527275
0.1691499
0.52303904
0.40184867
0.26844501
0.3439377
0.344755
0.33519423
-0.045094732
-0.3447637
-0.28468236
-0.14781047
0.19218263
-0.057947174
-0.2356246
-0.33838987
-0.35532174
0.3502315
0.1389135
-0.019742398
-0.043070138
-0.21270402
0.37583235
0.34235394
0.03301347
0.10709021
-0.071297
0.5993359
0.4268266
0.44138324
0.22616756
0.27483037
0.28944966
0.36553177
0.7120142
0.627384
0.7940512
0.37065914
0.5997039
0.7526473
0.90753293
0.8201504
0.59118295
0.55473477
0.85719943
0.9680411
1.0669297
0.23797609
0.5868218
0.66410613
0.74794066
0.8232829
0.31788272
0.38111627
0.53857666
0.56353617
0.6759852
0.69301254
0.9025609
0.9131581
0.81940746
0.48564616
0.8216345
0.9563665
0.9520227
0.9789896
0.9044611
0.69920355
0.7871589
0.9194905
1.0704645
0.92495954
0.25522506
0.51155454
0.67459124
0.6441133
0.65349936
-0.07349056
0.20256595
0.31812462
0.19569175
0.37711975
0.34593758
0.47550514
0.25881925
0.21490861
0.19344243
0.59973687
0.3769149
0.52988327
0.2379923
0.18608469
0.61817306
0.5392866
0.3425375
0.37609679
0.2502935
0.5743569
0.6037097
0.4790941
0.48551366
0.27132702
0.6820955
0.45355362
0.52667516
0.49880853
0.49090508
0.4490902
0.52552783
0.7663791
0.6134028
0.36383995
0.4486116
0.7856235
0.81328905
0.6615873
0.4641152
0.7363334
0.8599567
0.87245965
0.6572148
0.44639724
0.23247783
0.49233615
0.31313097
0.4303769
0.29766092
0.06564864
0.07849252
0.10069506
-0.10804941
-0.013475495
-0.48417968
-0.44961873
-0.726078
-0.66022414
-0.45469806
-0.27865943
-0.66918385
-0.5711643
-0.5660379
-0.4083721
-0.2981713
-0.30966917
-0.653446
-0.4189405
-0.24691169
-0.20146696
-0.3379629
-0.33565244
-0.24177428
-0.13277456
-0.0075653433
-0.044345725
-0.050037872
0.1926549
0.20655897
-0.047784187
-0.36912212
-0.75804555
-0.8882587
-0.50359154
0.04261016
-0.49624458
-0.66717875
-0.836136
-0.67132044
0.024658412
-0.2575075
-0.5239356
-0.6104412
-0.47536615
-0.06722921
0.024733415
-0.20806198
-0.41577962
-0.29339793
0.35599563
0.037341498
-0.04512232
-0.15130317
0.0659175
-0.03909596
-0.22226411
-0.13263641
-0.07371869
0.054697037
-0.20452708
-0.27330062
0.113828264
0.15928553
0.32484856
-0.0011227411
-0.17921892
-0.046292968
0.017198047
0.26527444
-0.20739178
-0.11187154
-0.23811133
0.030850867
0.2769255
-0.40339568
-0.39172924
-0.19318908
-0.04092021
-0.119457394
0.26568434
0.28133976
0.49895036
0.5577055
0.4721597
0.35217264
0.5210072
0.8913689
0.7276097
0.7674951
0.22886513
0.5254839
0.68528646
0.7944898
0.67757463
0.116581246
0.19483918
0.46789223
0.3361996
0.37904972
-0.22847745
-0.15877238
-0.18686421
0.034624837
-0.13618976
