10
14
3
3
0.053425018
0.25339213
0.34403235
-0.060868196
-0.07417563
0.04459101
0.1836464
-0.011243852
-0.22063202
0.099494494
0.22962788
0.09125427
-0.008778743
0.027427513
-0.051114414
0.045118906
-0.15625465
0.10116367
0.07763185
0.123390846
-0.2659808
0.06036059
0.4258184
-0.027654493
-0.18552199
-0.18573304
-0.14461048
0.04140952
-0.03258113
0.18199559
0.024723766
-0.22633941
-0.25071946
0.13055137
-0.078591675
-0.3331796
0.09944482
-0.028144835
-0.025037108
-0.04432813
-0.018854171
-0.046454083
-0.013929352
0.0070097996
0.03460026
0.15180124
0.13882096
-0.2708415
0.1045101
0.11953574
0.0046563675
0.10559181
-0.029687544
0.079332314
0.06805302
0.1795222
-0.39017138
-0.013360733
0.27114156
-0.17870624
-0.2288912
0.17360742
0.15538806
-0.39559972
0.08862209
0.08897811
-0.18033427
0.11482008
-0.099860325
0.36392453
0.2924522
-0.017517032
-0.042263396
0.028734237
0.051179916
0.13838616
0.013825103
0.32740033
-0.1816231
-0.43490696
-0.01977855
0.085998036
0.15292166
0.20030372
0.2769983
0.015418743
-0.3129167
0.18268974
0.020851478
-0.103922255
0.056603033
-0.038081225
-0.11537222
0.20305984
0.03949342
-0.058844198
0.18314984
0.0670144
0.16668114
-0.23194906
-0.36812815
-0.074265905
-0.17012769
0.026278183
0.11950023
-0.056798026
0.14979611
0.11569685
-0.2206016
-0.36082265
0.2573366
-0.10191457
0.0002866261
0.20222428
0.15418276
0.12391024
0.14998563
-0.11937535
0.009727871
-0.18279646
0.31739822
0.15234186
-0.10357233
0.13820347
-0.060468823
0.05710323
0.20264925
0.4436599
0.23473804
-0.34230134
-0.16191046
0.043894913
-0.042591516
-0.13057093
-0.3235624
-0.11080299
0.08591635
0.057224277
0.024751844
0.13541616
0.13374293
-0.20688523
-0.063379936
-0.10761681
0.04954355
0.067370005
0.052847132
0.027785832
0.21421324
0.051541157
-0.4943201
-0.05946011
0.25173038
-0.04260516
0.040792767
0.09458807
-0.09187342
-0.33083037
-0.016511805
-0.035618484
-0.37773618
-0.54548365
0.001525644
-0.06613054
-0.038107846
0.18053962
0.13989893
0.0807837
0.08307201
-0.055519976
0.00021588212
0.005477035
-0.35305175
-0.50566185
0.21315041
0.1982093
-0.19432575
-0.3863222
0.04083137
0.28260154
-0.16620111
-0.14947495
-0.27254418
0.24298172
0.22823791
-0.12728997
-0.09190144
0.1454399
0.20423555
-0.17590354
-0.10968162
0.26703146
-0.17377932
0.12727612
0.087558076
0.15860929
0.023797946
-0.29282463
-0.15060821
0.096021466
-0.05576254
0.17212637
0.14448793
0.27038118
-0.22326042
-0.15166192
-0.002295971
-0.08616086
0.06319364
0.03043641
0.089796364
-0.15794028
-0.24668016
-0.009946748
0.12110346
-0.0651347
-0.27015013
-0.16634361
0.0077517782
0.0030583197
-0.09234355
-0.24538307
0.08274421
0.12198306
0.08896427
-0.20769072
-0.2344189
0.09259714
-0.13313507
-0.029435918
0.023792353
-0.12005359
0.08311336
0.09621352
-0.23441438
-0.28111646
-0.13957907
-0.07775852
-0.12944286
0.08795751
0.16869685
0.16356015
0.09691187
-0.11914664
-0.1637989
-0.2468122
0.20555879
-0.01937231
-0.23300047
0.11196312
0.22539257
0.1902624
0.047572743
0.22240329
0.15309222
0.14767525
-0.048746914
-0.24654858
-0.01952558
-0.020340802
-0.25376487
-0.057995696
0.023425363
-0.02127183
-0.15679581
-0.14188264
0.10869831
-0.076170854
-0.12212866
0.054474227
0.08182685
0.03599725
-0.010947236
0.046563737
0.1465724
0.1196897
-0.4430878
-0.0369031
0.26460642
0.051942613
0.020528117
0.14157619
0.09912079
-0.23785187
-0.010480687
-0.02453528
-0.44017774
-0.25808436
0.022010414
-0.1284982
-0.007526044
-0.12556864
0.062159263
-0.10634253
-0.031876113
-0.1761156
-0.037770674
0.23471518
-0.22431467
-0.4660577
0.08664216
-0.014961947
-0.19856778
0.19624414
-0.15533607
0.08791895
0.019010885
-0.099025615
-0.03511821
0.08007823
0.28960463
0.07739944
-0.20909204
0.0640086
0.06630935
-0.027524306
-0.05555646
-0.021988902
0.21897282
0.07911284
-0.14438336
0.1312024
-0.025596207
-0.3265585
0.053702526
-0.027672753
0.063699745
0.14510438
-0.12642512
0.16498303
-0.10109951
0.013558143
0.09070249
0.017883535
-0.22057277
0.03839437
0.11256917
-0.1980614
-0.29729676
0.03945191
-0.09216278
0.09529932
-0.12837884
-0.44226652
-0.25845817
-0.10823454
-0.2585515
-0.14466166
-0.02339019
-0.01690989
-0.00018947122
-0.35484713
-0.28940478
0.40382212
-0.11272539
0.0026657663
-0.12523523
-0.07201832
0.17264825
-0.19788271
-0.29329166
-0.09150719
-0.24510981
0.16178262
-0.01803768
-0.26829973
0.17335595
-0.07146442
-0.19808099
-0.1955203
0.021503208
-0.2561549
0.10909749
0.18386532
-0.037742306
-0.13204513
0.17856978
0.08114907
-0.09396227
0.09688749
-0.3955127
-0.010619761
-0.08645553
-0.5254387
-0.12683828
-0.030100241
-0.5783587
0.15039888
0.10638455
-0.090865724
0.097350836
-0.007986143
-0.28622094
0.09860975
0.34963772
-0.1903266
-0.20102818
-0.5290954
-0.5372355
-0.08249859
-0.3740488
-0.6046934
0.21438436
-0.43729067
-0.3822867
-0.021859339
-0.42996722
0.04657008
-0.2556899
-0.30060118
0.17793009
-0.05621568
-0.44321817
-0.14461713
-0.18671925
0.1717443
0.13581912
0.039840113
0.068251796
0.011574089
-0.015447915
-0.09449406
-0.05755821
-0.6348275
-0.8258138
-0.60343593
-0.5601309
-0.71979374
-0.40374842
-0.481826
-0.75549126
-0.52934766
0.4111969
-0.39822832
-0.5406685
0.19809945
-0.245033
-0.40507784
0.22438383
-0.24430275
-0.4544015
-0.3537245
-0.004786859
-0.20484173
-0.31359282
-0.21785879
-0.45963416
-0.10969985
-0.1698616
-0.23160276
0.024449317
0.011500085
-0.50935704
0.5482773
0.07420372
-0.9055003
0.3415886
0.19361737
-0.95999354
-0.82859784
-0.8817211
-0.24262036
-0.75174105
-1.0260988
-0.5980648
-0.78062713
-0.8188402
-0.52059007
-0.47844195
-0.5124417
-0.07662626
-0.6329289
-0.3322484
-0.21027994
-0.26207176
-0.38489226
0.032766305
0.023572255
0.040864706
-0.29589394
0.23663788
0.31188786
-0.19760573
0.17087092
0.42201135
-0.23793876
-0.3562879
-0.15199736
-0.25971535
-0.5646178
-0.10397775
-0.19368993
-0.62326545
0.012182771
-0.29235724
-0.09753054
-0.6143973
-0.52976876
-0.14918946
-0.5562271
-0.44831806
0.30353668
-0.4416594
-0.4504254
0.10302928
0.060846366
0.093155555
-0.18934946
-0.26886037
-0.20366652
0.17651598
-0.06719845
-0.170669
0.15862443
-0.0495967
0.108656146
0.026222715
0.04181817
0.052363403
-0.18632196
-0.16431783
0.022772478
0.028435685
0.13439982
-0.105943814
0.07027721
0.30753538
-0.056146324
-0.4125128
-0.24790835
-0.10415613
0.18218724
0.11507954
0.25802937
-0.047346443
-0.15784442
-0.037212953
-0.01540168
-0.096806236
-0.26690885
0.041224763
0.051650055
-0.04045588
-0.036745068
-0.040307518
-0.08863013
-0.1244818
-0.022938602
-0.002462277
0.25250408
0.10607305
-0.15731068
-0.05832831
0.12932177
0.021119734
-0.15154757
-0.32467183
0.3123454
0.21803346
0.18575935
-0.44738686
0.15568854
0.107048586
-0.10078595
-0.26104876
-0.089633115
0.088552535
-0.4296749
0.1643616
0.044980124
-0.2222241
-0.03726519
-0.018738583
0.11797213
0.31388986
-0.15303056
0.0028053515
-0.00974986
0.021145826
0.15319154
0.075065605
0.16038755
-0.093378715
-0.4173463
0.02475718
-0.16290097
0.01520219
0.21587522
0.10482029
0.09493824
-0.32752246
0.08392435
-0.089007504
-0.117684215
-0.056309633
-0.35050693
0.06300987
0.12461696
0.07563864
-0.14332846
0.16403268
0.032384355
0.0760548
-0.06626439
-0.29076645
0.07515481
-0.022578584
-0.040480617
0.11595667
-0.0654739
0.22891353
0.0539896
-0.019222775
-0.24483515
0.026976613
-0.009229689
0.069743544
0.061261438
0.14782003
0.058652468
0.09999789
-0.002159972
-0.10095105
-0.21882841
0.2729908
-0.0017062152
0.08518941
0.25156328
0.13569805
0.033746004
0.17750552
-0.47485447
-0.35185283
0.25783178
0.034418125
-0.11338005
0.1981811
-0.002620189
0.23410538
0.05476785
-0.60182333
-0.29761997
0.009030975
-0.35894328
-0.65272903
0.22651982
0.087180614
-0.12550348
-0.42162114
-0.1915721
0.19045223
-0.30448672
-0.44757503
0.05577715
0.32040182
0.08179944
0.06717134
0.30698815
0.38574797
0.3849792
0.18326825
0.27442524
0.24368161
0.27944022
0.39649168
0.5305373
-0.031551346
0.028757552
-0.10893597
0.077702686
-0.1006144
-0.010521798
0.058521304
0.05957442
0.069059454
0.03013395
0.14819391
0.20528218
0.16156808
-0.25877517
-0.17730774
0.6310001
0.1309396
-0.27752298
-0.29911935
-0.07697394
0.42811078
-0.360121
-0.31139797
0.23043193
0.24402636
-0.0016127649
-0.21728641
0.44867063
-0.1751853
-0.033384487
0.060028728
0.0126912175
0.16783103
0.053648576
-0.09675594
-0.014361616
0.20446962
-0.23100172
-0.063675195
0.26122236
-0.3323236
-0.5031421
0.3327176
0.21361257
-0.11867455
-0.06586485
0.04025512
-0.1589089
-0.1416416
0.036091626
0.09901569
-0.05910888
-0.1388105
0.21982859
0.017308433
0.29058108
0.17110668
-0.29177988
0.059927154
0.23705766
-0.11256402
-0.2919996
-0.11801647
0.16299462
0.11481242
0.12892318
0.023182666
0.1200288
0.038627867
-0.1498984
0.13573346
0.08252388
0.4230499
0.17278178
-0.20582433
0.3979562
0.13703379
0.0008311357
0.20872033
-0.2844619
-0.36321506
-0.2531623
-0.12789051
0.3055287
-0.37090826
-0.40608367
0.24511
-0.3175731
-0.34650847
-0.3077081
0.10180307
0.29136595
0.26014045
-0.22964168
-0.011946899
0.018996926
-0.009676058
-0.041087694
-0.24120024
0.15785463
0.17679894
0.080817424
0.030153662
0.0154143805
-0.08883224
-0.12668778
0.07804492
0.041697536
0.03315094
0.23990194
-0.07569664
0.3312587
0.14866492
-0.15152308
-0.18446676
-0.11951214
0.029862354
0.12470243
-0.055021778
0.1942827
-0.07052331
-0.06638602
0.037792884
0.14895937
-0.30938748
-0.2679238
0.024773253
-0.13741758
-0.09920605
-0.03771658
-0.13022107
-0.012511067
0.0019247317
-0.07616411
0.11133195
0.11409479
-0.00044562895
-0.11393436
0.12325751
0.089679115
0.031807683
-0.12594363
-0.10891615
0.2592366
0.13037923
0.020470815
-0.23469244
0.14887589
0.35716322
-0.27562693
-0.23474005
0.1401325
0.058591016
-0.38969448
0.021156397
0.20611285
-0.07959363
0.13071074
0.07416791
0.18032123
0.08752201
-0.07620404
0.087213464
0.11012937
0.016520182
0.15769932
0.13883187
0.26251882
-0.22589695
-0.3797413
0.044049375
0.026460012
0.13186447
0.32758877
0.12270303
0.05685696
-0.16301985
0.32456493
-0.06560254
-0.10752021
0.14982937
-0.10411411
-0.048125017
0.13387837
-0.052144248
0.030489977
0.055942103
0.16821837
0.28396052
0.05837521
-0.23529449
0.1163279
-0.022368554
0.04533484
0.11793391
0.10503327
0.41405258
0.12765433
-0.26200727
-0.2381696
0.33284974
-0.34883416
0.13915728
0.3507778
0.08994619
0.12725188
0.23502517
-0.14297058
-0.018787494
-0.30979037
0.31722322
0.1816531
-0.3436776
0.21853377
-0.106128775
-0.0061033685
0.01924822
-0.2653975
0.17464289
-0.0013080613
0.002817245
-0.06968083
0.40912145
0.13936584
0.004206287
0.3435371
-0.15917759
-0.14935341
0.4722026
-0.17023288
-0.20639335
0.32206705
-0.16778748
-0.12923859
-0.24961309
0.20527592
0.22234151
0.10025309
0.06640004
-0.28491125
0.09231296
-0.20008674
-0.40330154
0.40473428
0.21206845
0.39634472
0.25001135
0.29313734
0.24969617
0.11332915
0.19111434
0.071029834
-0.06487899
-0.06578989
-0.01088431
-0.07453372
0.09383849
-0.085172884
-0.030258019
0.05316769
-0.012093191
0.18565622
0.31821263
0.15285912
0.13792455
-0.14731663
0.07787762
0.35355133
-0.101205684
0.24792062
-0.04533338
0.13721438
-0.010198138
-0.16112812
-0.105253026
-0.04611438
-0.30561873
-0.3238503
-0.15704474
-0.42354864
-0.38634264
-0.0009947434
-0.14566374
0.127702
0.13302255
0.15948063
-0.0149479285
0.07712281
-0.07847131
-0.1356262
-0.019269684
0.15150528
-0.20437993
-0.32838944
0.033982083
-0.29837224
-0.63436735
0.12862746
0.19086576
0.19174953
0.0782202
0.2618765
0.027046023
0.38085458
0.11766378
0.12696883
0.46076667
0.092531845
0.13677317
0.08044443
-0.03751457
0.22788595
0.119451135
0.103887066
0.15197708
0.13975263
-0.18230534
-0.3966744
-0.15913783
-0.18111712
-0.032636866
-0.17608705
0.18549354
0.2015193
0.49156535
-0.35062876
-0.007164434
0.05132721
0.049353093
0.53153473
0.20413926
0.17879097
0.20178647
0.063186474
0.039301652
0.024617806
-0.009088167
-0.06343592
0.13717625
0.025107285
-0.08730297
0.070935555
-0.008234729
0.17320067
0.12899789
-0.14393568
0.07382656
0.03962585
0.08477866
0.0009768119
-0.2607504
0.09224617
0.053199597
-0.053980738
0.020162772
-0.021925706
0.10852345
-0.0888593
-0.0779895
0.0759197
0.007987836
0.20689763
-0.07776618
0.027840761
0.29761764
0.19587341
-0.4097405
-0.3351305
0.077221274
0.09545847
-0.13345121
0.29533756
0.02074586
-0.11062631
-0.28821054
0.028957712
-0.2517109
-0.5959563
0.003658365
0.0070053204
0.11332455
0.01674204
-0.19128323
0.027737735
-0.08781864
0.124224566
-0.0017200315
0.015703946
0.11879575
-0.3050801
0.09595226
0.06360458
0.092348196
0.041429747
-0.136272
0.120657004
0.10720981
-0.0028950667
-0.36731687
0.050818708
0.071047135
-0.058761127
-0.2670116
-0.14893931
0.2240193
-0.452961
0.087597564
0.24633555
-0.20054378
0.19393651
0.021840744
0.22774978
0.17560083
-0.1690835
-0.035309345
-0.07471945
-0.005867763
-0.028595565
0.099133305
0.28175965
-0.2982609
-0.28309068
0.23667826
-0.14431328
0.042563986
0.29717812
0.22486614
-0.13671795
-0.12922946
0.087760285
-0.12568681
-0.10646428
-0.13336852
-0.082488865
0.07938847
0.16894029
-0.005111338
-0.06374908
0.005770207
0.22503954
0.24342056
-0.017998034
-0.39744192
0.2475837
0.06663772
-0.05003692
0.20109585
0.03784164
0.22025329
0.086114466
-0.10085968
-0.3044792
0.010902373
-0.054874364
0.07202805
0.16668695
-0.013515775
0.09990175
0.104082294
-0.027005551
0.0076057566
-0.34045833
0.28541666
0.06941452
-0.19366865
0.1697682
0.21165605
0.207052
-0.20289981
0.12297809
0.1570768
-0.060138978
-0.27340618
-0.2370434
0.21159416
0.04329082
-0.09443546
0.34101722
0.21257639
0.026832772
0.11528243
0.13803786
0.08489427
0.18058293
0.12306521
0.031551924
0.3233764
0.36050576
-0.20480847
0.11903011
0.24714029
0.0056952937
0.18596962
-0.009522468
-0.15140034
0.23914723
-0.003383244
0.2498593
0.1284306
0.14374095
0.05449326
0.3355815
0.21878828
-0.019043831
-0.09828036
-0.19575314
-0.11620562
0.104117215
0.02550362
-0.022118876
-0.16524294
-0.15344228
-0.010481173
0.040490266
0.2484607
0.15711051
-0.31732562
-0.085078
0.27232134
-0.093487434
-0.0061320993
0.13949072
0.31166315
0.27057844
-0.01350754
0.08489526
0.357911
0.10324616
-0.26297766
-0.16060326
-0.00646824
-0.30715328
-0.18348576
0.058634233
0.0520066
0.22522894
0.102031164
0.026126632
0.2681734
0.13203207
0.011885339
0.065137155
0.0012786718
-0.0552569
-0.2496262
-0.07470149
0.15073755
-0.30957624
-0.14305578
-0.016481848
0.042189088
0.19930816
0.29636616
0.18406747
0.051679704
0.106349915
0.12266604
0.056883622
0.20817031
-0.054496676
0.11164695
0.3430718
0.27402076
0.115930915
0.116232224
0.23981825
0.1279392
0.09772483
-0.04677216
-0.22823818
0.20772876
0.0767638
-0.13197857
0.28430018
0.22196135
0.038245093
-0.0033147032
-0.17735662
0.124670364
-0.05458007
-0.012220358
0.22522049
-0.3815441
0.04864406
0.1206509
-0.067089446
0.040292583
-0.019748397
-0.021900166
0.22050399
-0.09608381
0.14156474
-0.103755146
-0.08427537
