6
10
3
3
-0.2503121
0.2686245
0.6757728
-0.53528386
-0.12712808
0.46413547
-0.42080784
-0.17539439
-0.06730402
-0.72644895
-0.03543281
0.2972053
-1.1082768
-0.63412505
-0.3701048
-0.81335384
-0.91300523
-0.92142177
-0.4244824
-0.2968142
-0.07146741
-0.8041312
-0.44544122
-0.034559675
-0.58781123
-0.5842904
-0.28873393
0.6544226
0.7011332
0.6305508
0.578091
0.6644192
0.55978066
0.8036977
0.5031202
0.5635692
-0.16014162
0.48397106
0.78144854
-0.79173905
-0.015184371
0.42200744
-0.80379075
-0.5160414
-0.29770395
0.34113148
0.04276424
0.13753222
0.71778023
0.51098406
0.4068283
0.6358367
0.68590504
0.5711148
-0.16133195
0.3553829
0.57159567
-0.25363916
0.009883451
0.38589755
-0.0562353
0.053251777
-0.061570935
0.40973657
0.25913066
0.3881805
0.59062195
0.37400842
0.49582186
0.5259095
0.52038866
0.5961703
-0.45865157
0.4236738
0.54547185
-0.81789726
-0.09435684
0.24416225
-0.7073882
-0.24277136
-0.16918929
0.40379742
0.48508003
0.5325257
0.33874416
0.38975918
0.5945485
0.08288739
0.35167193
0.34637672
0.4153185
0.5134243
0.18244648
0.5759503
0.5948999
0.49006838
0.20774926
0.19580936
0.01630806
0.33781147
0.5173375
0.34688503
0.1284923
0.53150773
0.32004476
-0.28663614
-0.11365848
-0.18097354
0.021902405
0.21653725
0.28090277
-0.049926013
0.29539025
0.3257465
0.029588072
0.21211842
0.38177216
0.08625299
0.21489292
-0.07067616
0.3086552
0.2654438
0.022845924
0.2614335
0.29306203
0.024570903
0.2861106
0.3883859
0.0051016756
0.34570733
0.60382736
0.48247623
0.123989545
-0.043388944
0.050666783
-0.054498687
0.04788155
0.08605546
-0.112349786
0.031670198
-0.09623144
0.13416204
-0.07637472
-0.07639547
0.25722247
0.5444637
0.3790076
0.1519287
0.5243087
0.31294662
0.2545384
0.14494754
0.10598999
0.2728285
0.21820273
0.032202307
0.36801958
0.2529537
-0.014603085
0.22319925
-0.053777784
0.025942596
0.3791057
0.471994
0.23193584
0.40206075
0.62675834
0.4664794
0.032309297
0.19416545
0.052971072
0.25297886
0.18369196
0.17910129
0.18814231
0.19189337
0.17044993
0.16089064
0.20070587
0.29488346
-0.2050688
-0.8666076
-0.73178256
-0.63440025
-1.0896657
-1.1886547
-0.49896494
-1.1708996
-1.105777
-0.0066809068
-0.1680942
-0.22271387
-0.4564283
-0.739872
-0.52681553
-0.052353956
-0.17872877
-0.20111354
0.44607514
0.57354635
0.33877465
0.480923
0.12462343
0.26641473
0.4310298
0.1933939
0.080847
-0.8811996
-1.1574521
-0.12886928
-1.397374
-1.3019468
0.019612176
-1.5850313
-0.97536093
0.18793416
-0.045672845
-0.4032155
-0.32636234
-0.571049
-0.81921476
-0.7273048
-0.49685133
-0.87445456
-0.7322118
0.3371157
0.5010556
0.35131887
0.7133041
0.8092559
0.5508592
0.5329508
0.6432745
0.49129218
-0.20643522
-0.4596124
-0.64488274
-0.4764856
-0.84520197
-1.0296085
-0.46660736
-0.919792
-0.6527719
0.0015749387
-0.069596894
-0.33722064
0.030060453
-0.1672594
-0.36867732
-0.34663022
-0.120580934
-0.20440133
-0.26697323
-0.41382778
-0.4751536
-0.6534239
-1.0054091
-0.714584
-0.5654727
-1.0610127
-0.80557966
-0.14898339
-0.38219258
-0.4415498
-0.58378536
-0.5496667
-0.30424178
-0.6001042
-0.71915555
-0.63849676
-0.23519497
-0.16299447
0.29286328
-0.6702386
-0.69918317
-0.082151145
-0.57001704
-0.67777467
-0.33069745
-0.6331118
-0.16572909
0.23934202
-0.92335445
-0.8528422
-0.43161345
-0.460993
-0.353937
-0.1576242
-0.17791319
0.14120603
0.54038626
-0.09143549
-0.3652472
-0.031591114
-0.22904801
-0.37894636
-0.16755112
-1.7662716
-1.4951959
-0.44697282
-2.0018077
-1.7192589
-0.51860404
-1.9486843
-1.4877175
-0.6055036
-0.51099837
-0.23457842
0.1511412
-1.2524441
-0.965281
-0.3872334
-1.1330134
-0.79848886
-0.6168814
0.55349964
0.46488625
0.119049
0.6861763
0.666154
0.51633394
0.6036468
0.6997772
0.49075213
-0.3596363
-0.48697796
-0.07135872
-0.7233668
-0.89605707
-0.29283538
-0.38340035
-0.6627222
-0.07642657
0.5543176
0.24595469
0.07850877
0.22287214
0.31118152
-0.016390242
0.32620925
0.22810481
-0.093091525
-0.4704025
-0.4547866
0.09994502
-1.2260184
-0.94024485
-0.33591878
-0.9926544
-0.7868699
-0.31265378
0.10683841
0.08052667
0.26451197
-0.22566177
-0.08296419
0.1762599
-0.105338804
-0.3952666
-0.058380436
0.6265524
0.14527595
-0.28934222
0.49146685
0.07691004
-0.03704941
-0.019897966
-0.15556602
-0.27145687
0.5578327
0.58758724
0.31461996
0.3100981
0.29756808
0.4638706
-0.34127334
-0.19962806
0.112054214
0.4169796
0.5941398
0.24126096
0.39556983
0.6064149
0.45549262
0.37367734
0.42840794
0.35830522
-0.103458
-0.2895303
-0.49318284
-0.04420155
-0.18152262
-0.50231624
-0.2687395
-0.2983961
-0.6464249
0.52420205
0.3320349
-0.015195269
0.3983432
0.15443328
0.042093404
-0.013848069
-0.042444535
-0.17211092
-0.03451044
-0.05082274
0.048465163
-0.0062830504
-0.12827604
0.003914047
0.2322455
0.0043613333
0.047539968
0.38869652
0.08435923
0.0030630822
0.21383566
0.056069475
0.020022834
-0.12940668
-0.36524805
0.014995202
0.0971615
0.04696818
-0.17610963
0.109507486
-0.008851165
-0.44914237
0.06625303
-0.21788897
-0.31658116
0.6197613
0.51638687
0.032577083
0.39716873
0.17843637
0.035163004
-0.13030921
-0.052552305
0.0653398
-0.08715949
-0.1957116
-0.24015118
0.001983543
-0.06416009
-0.20821238
0.034767505
-0.10670787
0.19679184
0.56722534
0.49489298
0.13227817
0.44627106
0.46996745
0.25353765
0.16556288
0.16270986
-0.10558645
0.5650502
0.60090315
0.41100526
0.34927708
0.4712277
0.47784263
-0.38175955
-0.12531914
-0.12237872
0.37702653
0.38250023
0.08716925
0.11088335
0.46495503
0.5143014
0.21104585
0.18589616
0.3536435
0.25050792
0.06043951
-0.20098151
0.18697958
0.056872793
-0.043305807
0.12980925
0.13571571
-0.32528508
0.42320496
0.23451822
-0.1057149
0.48663858
0.5013185
0.23812102
0.05651182
-0.06804517
0.033742618
-0.19068542
0.044184897
0.16305348
-0.084542446
-0.15694314
-0.17998825
0.13151191
0.08736199
-0.12334663
0.22419274
0.43680114
0.16698368
0.24273998
0.30356592
0.39091316
-0.06769756
-0.036787726
0.0248781
0.12414482
0.011826244
-0.10671227
0.2116388
-0.056286857
-0.06649749
0.28799948
-0.09523951
-0.22520047
0.5629318
0.55528307
0.35785124
0.4625836
0.5476711
0.2574783
0.038709525
0.22952661
0.06014115
0.17333926
-0.12764865
0.04168252
0.08741609
0.09575706
0.001420923
0.050497964
0.08109909
0.27444565
