60
-0.032432865
0.026812026
-0.8399661
0.10505057
-0.08397511
0.2768339
0.29773605
-0.16762686
-0.5350595
0.57895696
-0.40260166
-0.19100285
-0.24677804
-0.46785665
-0.44286883
-0.13030714
0.5484498
-0.13354117
0.7227503
1.0177851
-0.0013567309
0.16189818
-0.4202929
-0.0023331651
-0.010945794
-0.6292641
-0.010218978
-0.044667922
-0.018841404
-0.010008394
0.25026983
-0.3639294
0.5873129
-0.10611358
-0.28267276
0.07769256
0.19056205
0.21302755
-0.37395027
-0.16167817
0.23131903
-0.3020178
-0.14634542
-0.01921615
-0.5860578
0.6548621
-0.032484375
-0.12969635
-0.2745218
-0.36833405
0.14136407
-0.00606658
0.41240424
-0.38613963
-0.051252622
-0.098696806
0.8647979
-0.3035167
0.9827997
0.113765635
