60
17
2.5085623e-33
2.7980591e-33
4.1155644e-33
-2.2775655e-33
2.4950597e-33
2.036949e-33
-2.2489246e-33
3.8025597e-33
-2.7403651e-33
1.5417639e-33
8.5141056e-35
-3.4573434e-33
-2.9284935e-33
-1.9926617e-33
2.498518e-33
-1.6706655e-33
-1.4056455e-33
-0.00078841345
0.0051069004
-4.66406e-06
-0.0060701575
-0.0019905877
0.0074758097
0.007984357
-6.0776765e-06
-0.0020155674
0.011643715
-8.242627e-06
0.0056126723
-0.0021608325
-0.0076415064
0.003558643
-1.3225743e-05
-0.015025384
-7.225674e-08
1.5602076e-33
4.946391e-19
6.109845e-11
1.6127648e-11
3.630307e-09
-1.3652129e-28
-3.5358774e-15
-2.7260812e-33
3.2965762e-33
-3.546349e-33
-8.94867e-14
4.18643e-15
4.1235408e-26
-1.8610927e-26
-2.5908233e-07
-1.4761478e-33
0.02329837
-0.0076262397
-3.1772258e-06
0.017553134
0.003817746
0.02199301
-0.011679533
-3.1660388e-06
-0.001645927
-0.0213896
-3.1575985e-06
0.003468231
0.01703812
-0.011583211
-0.0026161638
-3.1935197e-06
-0.0037220449
0.044091564
0.012348016
-4.3116022e-05
-0.029960046
0.06552918
0.025500026
-0.009354009
-4.3936147e-05
-0.024354063
-0.04607693
-4.5201534e-05
0.018543292
0.0058085923
0.06501017
-0.02733549
-4.812049e-05
-0.029993696
-0.005287072
-0.0023078378
-7.388534e-06
0.013241989
-0.022503441
0.055115756
-0.018731762
-8.204981e-06
-0.011015843
-0.041537654
-9.517528e-06
0.002333011
-0.04641399
0.04783331
-0.041682824
-1.2859163e-05
0.10252428
0.039593704
0.029667145
1.4630587e-06
0.08938598
0.05214349
0.027673304
0.015188528
2.4273904e-06
0.028038595
-0.052162223
3.983254e-06
-0.03858361
-0.04377158
-0.046440974
-0.054343212
7.988105e-06
-0.02732805
2.2820186e-33
1.8642178e-33
-1.7336426e-33
2.0520474e-33
-2.1994805e-33
1.9825803e-33
-2.0576086e-33
4.3340653e-33
1.32000485e-33
2.0640046e-33
7.119218e-06
2.0138117e-33
2.0537163e-33
2.2688744e-33
2.1023849e-33
-2.7940134e-33
-1.2429094e-33
2.7879576e-33
-2.6046681e-33
3.09396e-33
2.6911145e-33
-1.9314814e-33
2.758722e-33
-2.8529858e-33
-4.875116e-33
-2.0788891e-33
2.6282483e-33
-8.9299955e-34
2.7675749e-33
-2.7228356e-33
2.5960567e-33
2.2737279e-33
4.430732e-33
-2.4628249e-33
-0.015364106
0.07277809
-8.421325e-05
0.039237242
0.027523825
-0.053090718
0.010178813
-8.406315e-05
0.1099454
-0.054811325
-8.370639e-05
-0.02717343
-0.020567834
-0.0118157705
-0.021415733
-8.2075465e-05
-0.029823402
-0.012359608
-0.016494874
-2.682166e-05
0.038568188
0.04189559
-0.0400125
-0.0032124126
-2.7359354e-05
0.0021374936
-0.009255318
-2.8232254e-05
0.022041652
0.048900574
-0.023759285
0.0021977273
-3.0490679e-05
-0.029953085
0.017055519
-0.04684513
-6.328049e-05
-0.03883309
-0.019942045
0.00814068
-0.02211333
-6.329666e-05
0.13778692
-0.036671545
-6.326057e-05
-0.015077457
-0.00015976594
-0.007617657
-0.034068324
-6.280891e-05
0.06449742
2.210331e-33
-2.1315208e-33
4.0719947e-33
1.9783074e-33
2.2542384e-33
2.1259666e-33
-2.0230118e-33
4.0328743e-33
2.265762e-33
2.2169812e-33
4.242359e-35
2.190163e-33
2.2130204e-33
2.134906e-33
2.241724e-33
-1.7177616e-33
2.0876807e-33
0.0440197
-0.028765123
-1.6419744e-07
-0.0017879973
-0.0357188
-0.022944197
-0.050472543
3.5511948e-07
-0.014726258
0.03966304
1.1188158e-06
0.053391967
0.0496376
-0.03106613
-0.025028648
2.6202624e-06
0.072928734
2.3637191e-33
-1.5313777e-33
-6.531693e-34
-2.234202e-33
2.2283165e-33
2.3502074e-33
1.653548e-33
1.1292945e-33
2.1224302e-33
2.1152971e-33
-9.6911005e-15
-2.3996419e-33
2.2377693e-33
2.5484817e-33
-2.0212552e-33
2.1160955e-33
2.5478954e-33
0.029552504
-0.0072471467
9.555262e-05
0.054581515
-0.02496213
0.089039624
-0.045863833
9.5725736e-05
-0.0042770933
-0.021979239
9.5895666e-05
-0.018792732
-0.010426432
0.01084073
-0.016208453
9.5689116e-05
-0.0056759873
-0.00017981665
0.00020845578
-1.0040938e-05
-0.0019036366
0.00076054694
-0.0014667525
-0.0011957557
-1.0139916e-05
-0.00020189502
-0.0044362163
-1.0258859e-05
-0.004864321
0.0005142386
0.00057440053
0.000105746905
-1.0289616e-05
0.0022987286
2.1462394e-33
2.0575844e-33
2.58808e-33
2.0464866e-33
1.6742493e-33
2.1575556e-33
2.2079237e-33
4.1884333e-33
-2.0292482e-33
2.1886066e-33
2.5724753e-33
1.9987661e-33
-2.1310818e-33
2.7848133e-33
-2.1053438e-33
3.5588914e-33
-2.0790407e-33
0.079717174
0.059541587
-2.3337674e-05
0.0063199764
0.05080327
0.07000758
0.09329887
-2.1341777e-05
0.056433808
-0.07379355
-1.8079285e-05
-0.034313068
-0.006680415
-0.06710185
-0.03448626
-9.463554e-06
-0.056345772
0.0062368093
0.0035721753
-1.0587966e-05
-0.00028867632
-0.0121471975
-0.003537179
-0.012640581
-1.03613e-05
0.017297238
0.025418373
-1.0011935e-05
-0.01942553
-0.019482404
-0.026061062
-0.0045847264
-9.210545e-06
0.0531974
4.2534584e-34
3.5160634e-33
9.9239935e-34
3.4947298e-35
-1.2127151e-33
8.005066e-34
-3.665116e-33
-3.748105e-33
-8.098978e-34
8.480666e-34
-1.979221e-33
-1.487508e-33
-3.7209275e-33
2.216777e-33
-6.744665e-34
-3.7230375e-33
6.644836e-34
0.01215516
0.055513494
-5.8103433e-05
-0.0043817447
-0.010908462
-0.00478586
-0.03233009
-6.0469847e-05
0.008543368
-0.0037266384
-6.407575e-05
-0.002502522
-0.00036982776
-0.010622265
-0.005443603
-7.205858e-05
-0.008439812
-2.5339797e-33
-2.4123e-33
4.5386836e-33
2.749831e-33
2.2948862e-33
2.4076657e-33
2.2832644e-33
4.7427377e-33
-2.3346607e-33
2.224609e-33
3.5397132e-33
2.2965354e-33
2.3253352e-33
2.5213303e-33
8.897954e-34
3.776352e-33
2.5073506e-33
-2.598822e-33
-2.2068086e-33
-3.8410806e-33
2.5495387e-33
2.178877e-33
2.339037e-33
-2.148949e-33
3.5606077e-33
-2.1972888e-33
2.437036e-33
2.193784e-33
-2.581796e-33
-2.5183534e-33
2.5263502e-33
1.6374508e-33
-2.7725327e-33
-2.3984454e-33
-3.2083263e-33
2.3617645e-33
2.6040139e-33
3.0511708e-33
-2.5265769e-33
2.8590423e-33
-2.5902652e-33
5.0887973e-33
-2.498988e-33
-2.7676823e-33
5.5368252e-33
2.974748e-33
3.0911494e-33
2.945744e-33
1.6722248e-33
-2.9523422e-33
-1.8247647e-33
0.031402364
-0.048647445
4.912891e-06
0.08217616
-0.004974524
0.01869623
-0.0043550786
4.775031e-06
-0.02200523
-0.016433349
4.524214e-06
0.09009004
0.004838093
-0.070929796
0.020001618
3.729346e-06
-0.0337947
2.8650384e-33
2.9719704e-33
6.2798335e-08
2.0577537e-33
-2.1803585e-33
-5.24189e-33
-4.050688e-33
-2.8725817e-09
4.8425944e-33
2.6499911e-33
4.2668123e-11
2.7346034e-33
-2.5235059e-33
-2.6429499e-33
-2.0139778e-33
2.4705578e-05
-2.7266005e-33
-2.0810954e-33
2.555117e-33
-1.0009099e-33
-1.8619814e-33
-2.8564212e-33
-3.175226e-34
7.494604e-34
-1.2699394e-33
1.1667207e-34
-3.0953806e-34
-1.9417256e-33
2.0495227e-33
-1.3355684e-33
1.8535472e-33
-1.6239447e-33
4.0307878e-33
-3.9114887e-33
-2.4005606e-33
-1.4953117e-33
1.1302531e-10
-1.9797027e-33
-6.3120984e-34
1.6767938e-33
-1.6169503e-33
-4.2253262e-33
-2.1604517e-33
2.0460576e-33
3.9085775e-33
1.8841472e-33
2.3623581e-33
2.18032e-33
1.7470436e-33
-4.8853545e-34
1.8807326e-33
2.6346307e-33
2.2351527e-33
-4.1881512e-33
2.8073948e-33
-2.1737554e-33
2.8452685e-33
-2.5553297e-33
4.1650233e-33
1.9785074e-33
-2.3021789e-33
4.0781778e-33
-2.8156984e-33
2.5494698e-33
-2.625258e-33
-2.4292713e-33
3.1735996e-34
-2.2768602e-33
0.0014201982
-0.0006845184
3.5961447e-09
3.7358943e-05
0.00023130648
-0.0014809833
0.000525305
3.468167e-09
-0.00034524658
-0.0008289236
3.2507212e-09
-0.0052563674
-0.0021385374
0.0017117948
-0.0006884968
2.6307962e-09
0.00080843584
-0.016280247
-0.0047089765
3.9477585e-05
-0.013603703
-0.008307895
0.065765604
-0.0019121009
4.013972e-05
-0.004896935
0.0041883313
4.115193e-05
-0.003116196
-0.006142112
0.0045373375
-0.00071816915
4.3441298e-05
-0.007919675
0.019566836
0.01929627
-7.174247e-06
0.047500845
-0.025823448
-0.016154407
0.03398172
-7.095853e-06
-0.0069887973
0.012825976
-6.9561365e-06
0.017147975
-0.018435586
-0.0011919087
-0.02302831
-6.507399e-06
-0.0029774932
2.182807e-33
-6.4934974e-34
3.6037307e-33
1.8544022e-33
1.5104926e-33
1.9484763e-33
-1.8258612e-33
7.4169285e-34
-2.765337e-33
-2.2621445e-33
-3.6293388e-33
2.1622087e-33
2.1658919e-33
2.2339365e-33
1.854465e-33
-2.3344142e-34
-2.23896e-33
2.303632e-33
-1.8664534e-33
-2.3050621e-33
-2.4863546e-33
2.2443927e-33
-2.4521999e-33
1.8072193e-33
-5.170177e-34
1.6309901e-33
-2.3302993e-33
2.102454e-33
-2.5105606e-33
2.2970269e-33
2.3110895e-33
-1.732017e-33
-1.1472737e-33
-1.9091446e-33
0.0041360864
-0.0007285106
2.4455806e-13
-0.0037440513
0.00047887032
0.0016068277
-0.0015253362
2.5125494e-13
0.00016642806
-0.0009667325
-3.7165296e-13
0.0018656558
-0.000353157
0.00068828283
0.00035407775
9.595447e-13
-0.001256807
0.0023231995
-0.002145928
1.2775575e-07
-0.00092420145
0.006838395
0.0002801414
9.437681e-05
1.2430115e-07
-0.00014440411
-0.0012422779
1.2165472e-07
0.00041811683
-0.00037291303
-0.0030994886
-0.0022637176
1.2665272e-07
0.0035013852
-0.0095434245
0.11751063
9.853251e-06
0.00061900157
-0.012195879
-0.016506318
-0.029401677
1.0830461e-05
-0.03754423
0.14739414
1.2314653e-05
-0.032654673
-0.032008097
-0.006625633
-0.026720129
1.5641921e-05
-0.0437877
2.2965837e-33
-1.726644e-33
-3.7156436e-33
-1.4368653e-33
-1.6446027e-33
1.4648775e-33
-2.249286e-33
-2.0832228e-33
2.3571672e-33
2.2464959e-33
-1.4003488e-33
2.1442767e-33
2.151364e-33
2.1991473e-33
2.1226897e-33
-5.807853e-34
2.1576072e-33
-0.029850516
0.1113235
-3.7912374e-05
0.034085177
-0.0015117049
-0.026398858
-0.04356132
-3.6852336e-05
-0.020626923
0.15838149
-3.514294e-05
0.0034685256
-0.029304255
-0.030899074
-0.036507297
-3.0792755e-05
-0.07003688
-0.0015083756
-0.04658792
-1.7028682e-05
0.00036192342
-0.0006845244
-0.034336407
-0.04712092
-1.7726486e-05
-0.006581206
0.030583277
-1.8891693e-05
0.0031028898
-0.017733982
0.0056381184
0.08125536
-2.2050841e-05
0.037259627
3.0478967e-33
2.8489226e-33
-1.4847669e-34
-2.2361622e-33
2.8261182e-33
2.7884034e-33
2.8812678e-33
1.855941e-33
-2.9423827e-33
-2.5902745e-33
3.665932e-08
-3.026092e-33
-2.8889127e-33
3.0001878e-33
-3.9037455e-33
-3.3888327e-33
7.31627e-35
-3.558719e-33
3.399582e-33
-5.6440774e-33
3.0969868e-33
-3.2600782e-33
3.155532e-33
3.0155917e-33
-4.18241e-11
3.2518156e-33
-3.2485955e-33
6.1912876e-33
3.2294367e-33
-3.1870385e-33
-2.7672035e-33
-2.6256097e-33
5.9569763e-33
2.7437171e-33
2.679125e-33
2.8876204e-33
3.087618e-33
2.491898e-33
-2.549622e-33
2.7322559e-33
2.4198512e-33
5.359314e-34
-2.2860448e-33
-2.2247906e-33
-1.8796155e-33
2.4750267e-33
-2.625689e-33
2.4577036e-33
-1.6102682e-33
-4.7078666e-33
-2.0911786e-33
0.016921183
-0.013860258
8.244958e-05
-0.0007275278
0.09891446
0.07083816
-0.041649163
8.273991e-05
-0.037503712
-0.008793353
8.317038e-05
-0.015517597
0.051142443
-0.0054529477
-0.036144897
8.404728e-05
-0.047081444
0.053116508
0.083425365
-2.581415e-05
-0.04947966
-0.04990197
-0.009597474
0.04925729
-2.3934206e-05
-0.028848153
0.0150909275
-2.088171e-05
-0.034800623
-0.048880715
0.031106343
-0.024449522
-1.2985378e-05
-0.026603201
-1.9762303e-33
3.2528875e-33
1.9004834e-33
-2.0275235e-33
-2.85712e-33
3.47806e-33
3.332676e-33
-6.8953176e-34
1.5803533e-33
-1.6227554e-33
-9.732946e-34
1.6767231e-33
-1.2370593e-33
1.7470157e-33
1.6123024e-33
-1.7869924e-33
-3.250397e-33
3.224543e-33
3.306896e-33
1.4541688e-33
-3.6433933e-33
-3.1959748e-33
3.4327032e-33
3.2857102e-33
-4.502073e-33
-3.466442e-33
-2.8290683e-33
1.750558e-33
3.1378396e-33
-3.0993925e-33
3.117289e-33
-2.8805596e-33
4.3954026e-33
-3.2867267e-33
0.06607018
-0.10198333
-0.00014971624
-0.035672434
-0.06633715
-0.05109124
-0.050880354
-0.0001490099
-0.045479912
0.058153342
-0.0001478881
0.033927128
0.061689217
0.07854444
0.031075671
-0.00014509606
0.022000503
2.5973095e-33
-4.3875635e-33
-1.3131212e-33
2.6050874e-33
-2.4626234e-33
2.584927e-33
2.5223668e-33
-8.573644e-34
1.25631115e-33
2.4785853e-33
-3.3446223e-33
-2.203898e-33
2.604085e-33
2.307439e-33
2.5305844e-33
2.2099294e-33
-2.8847166e-33
0.09868775
-0.019836469
-6.106536e-05
-0.009433768
-0.006006779
0.012597523
0.014453563
-6.0201422e-05
-0.007833026
-0.026914323
-5.8794874e-05
-0.021591045
-0.015433305
0.0069918605
-0.000803916
-5.5192162e-05
-0.014749848
-3.170622e-33
-3.1974835e-33
-1.7038556e-33
1.4253833e-35
3.4075182e-33
-3.0094661e-33
-2.5851854e-33
-8.146825e-13
3.3334687e-33
-2.2934238e-33
2.3249162e-33
2.6078605e-33
2.2937269e-33
3.318962e-33
1.562874e-33
-3.491806e-33
-2.3846473e-33
-0.04977025
-0.0277358
-1.7229631e-05
-0.04026262
0.013388201
0.009645208
0.001072014
-1.8145394e-05
0.020090606
-0.004822235
-1.9607756e-05
-0.027544228
0.028763948
-0.06705625
0.07381669
-2.3252484e-05
0.065099895
0.059233885
0.004403541
-2.4035287e-05
-0.01631063
0.0817311
-0.015498246
-0.018511837
-2.4369025e-05
-0.007909386
-0.034275204
-2.491002e-05
0.017379308
0.08644629
-0.020664029
-0.014794974
-2.6272079e-05
-0.0147477565
2.1703813e-33
-1.9196186e-33
-2.4439703e-34
1.9672344e-33
2.2981574e-33
1.8717463e-33
2.2974804e-33
-2.2594765e-33
-2.0245484e-33
1.8405602e-33
-1.2031949e-33
2.0364755e-33
-2.0366279e-33
-2.2946473e-33
-5.6271337e-34
-2.9203115e-33
-2.6821822e-33
2.3090592e-33
1.598826e-33
-2.1855261e-33
2.0882574e-33
2.0246175e-33
1.8911035e-33
1.9035843e-33
2.9490567e-33
-1.8131666e-33
1.8302476e-33
-2.240069e-33
1.9747466e-33
-2.3471575e-33
1.8954529e-33
-1.7785687e-33
-4.0143132e-33
-2.061465e-33
0.017241815
-0.06903537
-4.6275312e-05
-0.0026866964
-0.046527356
0.01807647
0.120413214
-4.718179e-05
-0.032968905
-0.03343596
-4.864675e-05
-0.02151704
-0.022770235
0.0028134924
0.13231623
-5.2365453e-05
-0.07426475
-0.021125076
-0.027713697
-5.920297e-05
0.04790062
-0.039006524
0.07053476
-0.03363099
-5.907313e-05
-0.026253076
-0.023673885
-5.8771904e-05
0.09170985
-0.045309603
0.087817356
-0.026810924
-5.745171e-05
-0.03225884
-0.07810921
-0.045963638
-4.2460388e-06
0.026086671
-0.002471628
-0.009197945
0.11009973
-4.422434e-06
-0.01476442
-0.02654627
-4.7234435e-06
-0.0076735085
-0.020614363
0.02716987
0.020849869
-5.573837e-06
-0.0019686047
-0.0019844493
0.009245611
-1.937423e-05
-0.06418834
-0.011855002
0.08398072
-0.0065490035
-1.9241132e-05
-0.0003855579
-0.010485766
-1.9027932e-05
-0.020846624
-0.01963602
0.0549089
-0.00793555
-1.8500374e-05
-0.007633513
