6
10
3
3
0.46080908
0.40646714
0.3798432
0.21693371
-0.25358102
-0.041039895
-0.027147777
-0.676983
-0.67388856
-0.18955354
0.20288618
0.34205398
0.028857354
0.33468157
0.47375003
0.046878934
0.06004387
0.11549791
0.225005
0.3868547
0.17801052
0.35960793
0.4050255
0.28599697
0.14037208
0.46271956
0.22466716
0.072060145
0.14594732
0.1509481
0.005724668
-0.02990739
-0.2119129
-0.060706966
-0.14486861
-0.2606639
-0.69573575
-0.5670781
-0.50023156
0.053543
0.013268494
0.10175689
0.4540275
0.2972785
0.33488724
-0.10573349
0.14842491
0.07600515
-0.10678126
0.2892775
0.18716456
-0.035783645
0.074331775
-0.09778457
0.118529044
0.10694845
0.052971493
0.20373656
0.22612973
0.16564046
0.13992731
0.33640736
0.2280248
-0.31413642
-0.78832644
-0.61860526
0.03826131
-0.29201183
-0.41899088
0.30702302
0.027675008
0.22895154
0.16023907
0.32303214
0.16086923
0.45461905
0.34590825
0.34484696
0.11552974
0.36878365
0.056321822
-0.0145424325
-0.053220335
0.1545201
-0.17718849
0.08561415
-0.0054219407
-0.3289068
-0.14246678
0.13789667
0.299561
0.22502504
0.34104836
0.13885128
-0.07305471
0.09691648
-0.45401525
-0.5894847
-0.32240307
-0.23039529
0.4854995
0.41876525
-0.09455
0.61891073
0.67680395
-0.07797463
0.29592437
0.37349263
-0.087578036
0.040959526
0.052278962
0.18691847
0.37939304
-0.008145626
0.04703267
-0.00023085528
0.07722057
0.101458944
0.067314066
-0.061902404
-0.055970002
-0.16445361
-0.2264038
-0.07165297
-0.0051333965
-0.24257477
-0.699253
-0.52699775
-0.20508355
-0.102651745
-0.07967279
-0.00941595
0.28722367
0.32616696
0.28800005
0.061245628
0.25250918
0.032650188
0.2622282
0.33722323
0.30316964
0.17721345
0.310164
0.28031042
0.02973924
-0.027020326
0.0001506423
-0.046183165
0.18041644
0.110575214
0.16765553
0.20847839
-0.023163002
-0.2713517
-0.5178885
-0.30178642
0.13211899
-0.044902317
-0.11025137
0.25459915
0.09227131
0.44454703
0.1574592
0.18214451
-0.11641392
0.31380495
0.3109652
-0.07614696
0.17092736
0.13442935
-0.008133969
-0.028439673
0.14229576
0.13784473
0.05267824
0.3815109
0.3292428
0.06741515
0.10621906
0.086953476
0.5554605
0.2930993
0.24849044
0.26906368
-0.007926194
0.25429645
-0.13593394
-0.35925567
-0.13313255
-0.19095886
0.32993105
0.2155599
-0.18636055
0.4799669
0.40699497
-0.38812685
0.04191757
0.45476383
-0.08421477
-0.046949398
-0.18499349
-0.009155411
0.03269032
-0.16972095
0.13881743
-0.051987078
0.11720773
-0.1283531
0.07973061
-0.086531885
-0.012068252
-0.08186126
-0.227076
-0.039040927
-0.0600957
-0.28683028
-0.7038387
-0.56470925
-0.35716203
-0.33326232
-0.22539562
-0.23610532
0.15823855
0.115774415
0.21560705
0.16680314
0.18083219
0.1470095
0.24545684
0.26104358
0.1962096
0.14304604
0.3977028
0.09475711
-0.17437798
-0.23826678
-0.30609474
-0.031946532
0.08323908
-0.13272125
-0.04350772
-0.14208962
-0.15403067
-0.33337793
-0.43233812
-0.10536096
-0.08830155
-0.136945
-0.05111038
0.17819178
0.30583018
0.34043598
0.06762952
-0.14166503
-0.23000549
0.21486185
0.058050737
-0.06431463
0.07408891
0.29449698
0.026038181
0.19692388
0.25336438
0.054086737
0.31571007
0.36618158
0.3538076
0.10698031
0.35235924
0.15796979
0.614995
0.3715814
0.32371193
0.34947076
-0.21501763
-0.091726884
0.04551933
-0.44328323
-0.6143619
-0.0822402
-0.036185425
0.29013422
-0.2038576
0.15081103
0.17614858
-0.11728747
-0.0060861665
-0.1557423
0.26497662
0.28041822
0.3152186
0.3293278
0.4997908
0.3745636
-0.046443004
0.17776449
0.20740603
0.08814942
0.17571391
0.26018605
-0.03738048
0.06563679
0.11293682
-0.040355388
0.029410917
0.036400568
-0.2746087
-0.23047946
-0.23536372
0.41916102
0.33456227
0.1822568
0.64411354
0.7114592
0.51512563
0.017047737
-0.11461194
-0.067346185
-0.14294343
-0.074530676
0.023802055
-0.15003401
-0.07828708
-0.116539136
0.008436225
0.24165384
0.2563259
0.08429446
0.4638699
0.33189094
0.23986655
0.44531727
0.42411152
0.09237381
-0.39842498
-0.51845425
0.4278839
-0.20988593
-0.24138004
0.346393
0.30535248
0.120395
0.1392182
0.17336611
0.09481725
0.051846948
0.36167464
0.10261677
-0.057054598
0.10388426
0.0117915375
-0.47211516
-0.3646043
-0.074513495
-0.30947334
-0.35007182
-0.11201876
-0.45305574
-0.47596124
0.013851325
0.8008995
0.45680842
0.33578375
0.31396306
-0.01132295
-0.108079895
0.1214727
-0.26819974
-0.34748602
-0.034808517
-0.11652354
-0.15673333
-0.08315963
-0.17774785
0.1446449
-0.23663248
-0.07166986
-0.22483918
0.25229898
0.58853567
0.30846393
0.4218572
0.5156248
0.27249604
0.20081288
0.45809013
0.23348832
0.3325243
0.59766704
0.33772117
0.44614422
0.24305703
0.3212273
0.21952087
0.26669613
0.470765
-0.039144795
0.021388223
0.07612019
0.5345457
0.4986366
0.4436255
0.7951939
0.8110482
0.6729512
-0.06309146
-0.09367266
-0.09574972
-0.25901958
-0.10072171
0.04805566
-0.29929715
-0.28227365
-0.13540998
0.3999971
0.4149124
0.17495836
0.45145243
0.41420513
0.31645817
0.36300257
0.44699916
0.26840362
0.39211136
-0.26773587
-0.35450405
0.4356541
0.14891526
-0.11322544
0.46741498
0.3187531
0.18749034
0.27312654
0.3156852
0.06602253
0.097720765
0.29005355
0.19300267
-0.088822216
-0.015309729
-0.0822592
-0.32062754
-0.1540739
-0.00623369
-0.42927063
-0.16986223
-0.0212466
-0.48714313
-0.31533888
-0.21547164
0.49121007
0.3076363
0.38182506
-0.0030694325
0.045512326
0.1117336
-0.11598941
-0.49694458
-0.18100442
-0.24663441
0.23908113
0.46882978
-0.1397735
0.20411332
0.48072827
-0.43682492
-0.01919649
0.032785803
-0.03512908
-0.025140686
-0.27362117
-0.059843022
0.007343544
-0.24029616
-0.24618034
-0.16971143
-0.03532701
0.32213113
0.06332507
-0.0032930744
-0.0096184015
0.13152802
-0.0021285608
0.024631053
0.19377024
0.10053593
-0.2322908
-0.3451206
-0.16304874
0.15293844
0.07605795
0.2701227
0.37788817
0.42506862
0.40267456
0.14850949
0.3445971
0.13315637
-0.0041812435
0.35867372
0.249415
0.24278323
0.31983408
-0.013130625
-0.15534627
-0.034057096
-0.13347492
-0.18084133
-0.012407817
-0.033088222
-0.05359733
-0.27055934
0.051937457
-0.00441567
-0.09272991
0.299956
0.21007013
0.32507592
0.4623873
0.37072107
0.38476774
0.64564174
0.05362017
0.029004572
-0.29045814
0.088858075
0.054163117
-0.04287672
0.06614775
-0.14343435
-0.32146493
0.28032988
0.42307964
0.2842347
0.3106274
0.33972803
0.40901333
0.24859253
0.2779371
0.16394137
