3
6
5
5
0.14781559
-0.08215585
-0.14549291
-0.09321751
-0.32590476
0.012893508
0.0997679
-0.048411667
0.0064431033
-0.09156854
-0.015319679
0.18681616
0.08703641
-0.08075778
-0.12136604
-0.12095153
0.03989148
-0.056844812
-0.03208498
-0.1292373
-0.24250528
-0.061916955
-0.33757728
-0.09433778
-0.3410207
-0.024872795
0.29691467
0.35431862
0.17777503
0.0018782988
0.27380192
0.47142002
0.79302907
0.5131332
0.095232226
0.03821164
0.3997315
0.79292816
0.46505117
0.3641463
0.08260746
0.3224856
0.30700532
0.4115819
0.26007855
-0.32361513
0.019838072
0.036763206
0.3175385
0.01894933
0.22799319
0.34083456
0.39002606
0.4581214
0.22964004
0.33710694
0.40836832
0.46388906
0.4913238
0.17515081
0.2211464
0.13329948
0.41300055
0.2834436
0.108060405
0.15795572
0.10987121
0.20821224
0.12100453
0.33571088
0.0013658293
0.12382788
-0.055014074
0.090468414
0.0005191429
-0.19231337
-0.08328214
-0.117878124
-0.19270794
-0.15147841
0.056909557
-0.041128755
-0.028194038
-0.03411243
-0.11161374
-0.059317093
0.05896958
-0.07412144
-0.17055307
-0.20883764
0.017540855
-0.105057254
0.032499615
-0.00058225164
-0.16223912
-0.14444649
-0.1505424
-0.020444134
-0.0980679
-0.055526573
0.0027420179
-0.12517074
-0.23725277
-0.08372528
-0.33714977
-0.022317313
-0.16821745
-0.06899365
-0.09142534
-0.2218337
-0.03392976
-0.03052796
-0.041693933
-0.075855635
-0.03495302
-0.09362502
0.13570064
-0.078268744
0.061283927
-0.104796864
-0.062418357
-0.05075712
0.060281362
-0.075415015
-0.07866673
0.2767223
0.35081658
0.2995479
0.26917368
0.3203244
0.33154938
0.51643056
0.47506905
0.532953
0.3654684
0.4191671
0.57290757
0.52114564
0.70805377
0.5290911
0.3568608
0.56073964
0.58870906
0.6252597
0.5884959
0.3228354
0.47096154
0.58612466
0.5995074
0.6965383
0.6217015
0.67241734
0.687593
0.62219256
0.26373094
0.5803441
0.88385785
0.83802253
0.8135126
0.5388578
0.60908455
0.6557403
0.76872164
0.6991846
0.49837646
0.3604866
0.5933836
0.6097896
0.6538383
0.5100773
0.12356996
0.16509202
0.49958825
0.35373625
0.3653753
0.7265634
1.146243
1.3076026
1.262148
0.818561
0.9228049
1.3542128
1.6200235
1.6569122
1.1717894
0.94813854
1.2728859
1.4313109
1.6605479
1.2336686
0.48802322
0.8411057
1.0512651
1.2438661
1.172942
0.11044293
0.37550652
0.6472739
0.9193783
0.7328133
0.45661584
0.5132146
0.36453348
0.6403425
0.314553
0.24937877
0.52750367
0.6502518
0.5903731
0.5550397
0.24080472
0.3071292
0.53162587
0.50051004
0.6960169
0.24856454
0.18526913
0.4557639
0.41171527
0.23760511
0.0003717806
0.036263496
0.18155485
0.23815791
0.12871423
0.06480303
0.13827649
-0.04758714
-0.075492956
-0.020986127
0.27613828
0.098697886
0.1443683
0.0625749
0.19433282
0.20196234
0.22828014
0.37896064
0.08779426
0.1622721
0.22484799
0.18435916
0.12046445
0.021867907
0.0021645108
0.13532394
0.06912516
0.098033674
0.21773133
0.24061947
0.005481153
-0.11478092
0.0066861846
0.03882759
-0.046544537
0.12080058
0.017267236
0.040250644
-0.06546025
-0.04446965
0.20820777
0.20775999
0.20480606
0.2638548
-0.07452248
0.1438768
-0.046941955
0.041679192
0.06493648
0.16919278
0.002210089
0.100924015
0.0024787346
0.14528427
0.20064314
-0.003311241
-0.01673449
0.19185445
0.19324018
0.33101246
0.06415965
0.32477567
0.49687704
0.41607565
0.24250239
0.34940737
0.31672868
0.5578654
0.4871554
0.5934701
0.39991164
0.31235382
0.6080038
0.45312163
0.42183298
0.2543208
0.27971917
0.4825761
0.39768127
0.3770113
0.6686911
0.6249562
0.5274616
0.4324443
0.26208484
0.6041538
0.76230705
0.8559727
0.59091616
0.41469622
0.6012976
0.64749634
0.74602485
0.6469767
0.5486169
0.39629522
0.649142
0.60345125
0.40483713
0.4917575
0.21542318
0.5102517
0.24269429
0.26676226
0.42265758
0.20493934
0.37718636
0.3047234
0.3345633
0.06967721
0.183978
0.30323923
0.5695433
0.6560178
0.5233764
0.31819302
0.4131832
0.7782474
0.50830543
0.4769765
0.13396183
0.29365823
0.25591785
0.49988326
0.29886827
-0.31875384
0.14747763
0.15757118
0.0931371
0.03921626
-0.07604283
0.18203044
0.117557235
0.15790169
0.13448443
0.048624042
-0.026173096
0.067756824
0.19958603
0.22707137
-0.094401255
-0.08878808
-0.004714041
0.2134272
0.051226534
-0.24236608
-0.24012406
-0.18202338
0.04330725
-0.0091834925
-0.42645505
-0.38840458
-0.092232354
-0.21166563
-0.15296139
0.54000103
0.46278262
0.33786643
0.015663931
0.03784799
0.43727314
0.44700894
0.46314675
0.20794284
0.19335286
0.49689957
0.3781698
0.46450987
0.29143998
0.17912579
0.5596709
0.36072737
0.44513348
0.39406705
0.057114698
0.48146668
0.52374583
0.41746584
0.21577287
0.2870372
0.1895206
0.33395427
0.19737872
0.2732166
0.07125583
0.22299956
0.44980267
0.28710037
0.27260512
0.1260128
0.4109093
0.2302122
0.3414974
0.22468726
0.22284447
0.31234702
0.4313621
0.48910525
0.3399224
0.26587576
0.46675834
0.29701465
0.39974198
0.3261939
0.27506536
-0.338405
-0.19117612
-0.113725975
-0.26442924
-0.280928
-0.23047331
0.033114593
-0.07620124
0.013445122
0.09411593
-0.15022777
0.08275486
0.062876545
-0.06984646
0.13070017
-0.06795378
0.095533594
-0.09325982
-0.086045794
0.031334437
0.017388668
0.033867948
0.0027010564
0.06047838
0.094760455
