10
14
3
3
0.08615423
0.02969225
0.07368974
0.16769487
-0.11157589
0.033868536
-0.061587926
-0.19290686
0.0018058108
0.14749576
0.119083494
-0.04861855
0.02770883
-0.017221766
-0.20967948
-0.0703704
-0.04217244
-0.13425766
-0.08017453
-0.10175564
0.5169245
-0.15802425
-0.79668546
-0.056514706
0.026569206
0.016582001
0.04638871
-0.02664937
-0.23149762
0.020053873
-0.23891425
-0.39519703
-0.28375798
0.14340954
0.1963483
-0.0917159
0.05130555
0.25812826
0.18589023
-0.22441548
-0.0010737096
0.47629607
0.29730225
-0.19685195
-0.07840019
-0.009962844
0.17137866
0.14536081
-0.0586159
0.013334877
0.0941853
-0.0735009
-0.10660022
-0.24283825
0.46393016
0.19599351
0.0073755854
0.033574957
-0.22088212
0.04552537
0.23877779
-0.24723564
-0.27486753
0.25416264
0.5892781
0.17237577
-0.056163877
0.11384991
0.08755614
0.07749633
-0.4228742
-0.31658062
-0.07811275
0.004050527
0.26748252
0.15252706
0.058360893
-0.047259726
0.09052869
0.055520926
0.014939416
-0.40899643
-0.61139977
0.11783678
0.1667856
0.08095589
-0.04819781
0.012187119
0.39356837
0.24591567
0.09364477
-0.18816294
-0.18719873
0.23221335
-0.5720307
-0.5139403
0.18022451
0.25180262
0.45775065
-0.30712426
0.31283528
-0.01029139
-0.08171327
0.2898022
-0.06614387
0.059696116
-0.20258117
0.009795504
0.060954735
0.39317033
0.0052754614
0.14899243
-0.12196491
-0.110244885
-0.102661915
-0.24467653
-0.11176562
0.08649985
-0.1384935
0.13737568
0.43042424
-0.0809813
-0.21746808
0.1952956
0.32213974
0.16788971
-0.07745708
-0.21533075
0.13776924
-0.23668134
-0.05410055
-0.055208787
-0.07722062
0.13985245
0.05460309
-0.054773662
-0.15579462
-0.23690765
0.07918396
0.03033212
-0.046985954
0.111312345
0.08121414
0.06807403
-0.2680238
-0.1347537
0.3882123
0.12155509
0.058655523
0.12016949
0.19426332
0.15435274
-0.17167963
-0.16436663
-0.381009
-0.16030638
0.042614892
-0.07693002
-0.1740472
0.17765026
0.22955042
0.04587829
-0.06442583
0.321597
0.038290918
0.015624166
0.06290255
-0.084739015
0.12104063
-0.2669236
-0.19852366
-0.2387357
0.00020673296
0.26057157
-0.08899722
0.050281372
0.17202312
-0.12971921
-0.054815587
0.13610876
0.06113782
-0.116421334
-0.03472578
-0.016730675
-0.12606719
-0.037851427
0.23633946
0.05370013
-0.26744464
-0.013293957
0.15848765
-0.050013933
-0.1757729
-0.3984999
0.11743798
0.12318111
-0.25079158
-0.014270604
0.074893594
0.25937626
-0.26151788
-0.16446948
0.045223497
0.0066541997
-0.35628876
-0.04618283
0.006623928
-0.36279568
0.030553143
0.03762942
-0.009636092
0.24789226
-0.02679438
-0.110473916
-0.16317677
0.24426603
-0.16390616
-0.26172078
0.07716257
0.008424141
-0.029942898
0.14109653
-0.04101314
0.26095667
0.15923949
0.12711377
0.06766697
-0.03810801
-0.20113672
-0.13064443
0.24243158
-0.122120425
-0.28133836
0.3993568
0.24162525
-0.053256035
0.12112126
-0.10070791
-0.0065209526
0.09171828
-0.034208104
0.03969453
0.23399
-0.08371388
0.030800581
-0.62752897
-0.026835756
0.074499674
-0.30839396
-0.06617896
0.01062307
-0.10782717
0.29499263
-0.11224458
0.28683162
0.20335527
-0.046059236
0.27314273
-0.14541629
0.15872015
0.13568081
0.09336402
0.084870435
-0.27916464
-0.01205404
0.04721239
-0.13943207
0.13102688
0.14605722
-0.061294816
0.30574605
-0.38433066
-0.25853825
0.2343889
-0.027728133
-0.08351954
-0.14354107
0.2465154
-0.11011247
0.05667501
-0.25809246
-0.23089416
-0.11065668
-0.104682945
0.00556722
0.1595484
0.28165138
0.12542616
0.098309636
-0.0115033705
0.12908715
0.25024742
0.042917356
-0.2920102
0.07242737
0.088117056
-0.30339247
0.103813514
0.030638786
0.09602019
0.18513645
0.161549
0.2050599
0.02819887
0.19476168
0.1118462
-0.07230038
-0.10789459
0.17816257
-0.05668334
-0.2958964
0.14417581
0.18868583
0.0046886993
0.17911837
-0.009214156
0.022251481
0.17868121
0.028430985
-0.4535308
-0.059762716
-0.012553393
-0.20317772
-0.17209688
-0.035197187
0.30230418
-0.016505696
-0.15375933
0.112425126
0.11021222
-0.35661107
-0.21098591
0.090123594
-0.1146993
-0.21238603
0.058214217
-0.075313754
0.32376188
0.29462373
-0.025593106
-0.15240988
-0.039322387
-0.040221233
-0.19164512
-0.2074406
-0.026343547
0.09763412
0.08768896
-0.12319734
0.06460263
0.26385033
-0.06170968
0.21333127
0.13322735
0.098631784
-0.17132647
0.09073591
-0.011086423
-0.27428418
-0.043269165
0.09791716
0.18780795
0.055160183
-0.17157991
-0.11073254
-0.15879855
0.016413264
0.05241816
0.21946497
-0.0603052
0.2618747
-0.22398031
-0.050114285
0.10822282
0.045610923
-0.00954782
-0.035227887
0.096030824
0.1844553
0.082426
-0.0700448
0.1653322
0.13749377
0.074195616
-0.020290246
0.14033279
0.07904579
-0.0061630495
0.29352102
0.22716846
-0.25534648
0.15446328
0.28874305
-0.20192881
-0.21491861
0.14858903
0.69578373
0.28097206
-0.4717648
0.1897295
0.03730826
-0.49348682
0.12414845
0.13686061
-0.13907868
0.23724574
0.040098187
0.15170674
-0.29190847
-0.21286876
-0.04250696
0.056647092
-0.199646
0.17853916
0.24535576
0.31799158
0.782671
0.14947583
0.47453335
0.7294734
0.08620039
0.35017207
0.29182133
0.2380064
0.017688513
-0.08697446
0.21066518
-0.047974404
-0.08742535
0.22949034
-0.059876814
-0.09685763
0.27469072
0.0023957926
0.57706416
-0.047615223
0.083867185
0.43850833
-0.036428746
-0.2894327
0.3041566
0.7596563
0.4191344
0.56616277
0.7976509
0.49380428
0.55244124
0.537886
0.40723038
0.27332228
-0.3507667
0.22741702
0.42154038
0.051777814
0.17881496
0.20327228
0.1540422
0.09932673
-0.06722992
-0.25693175
-0.6037488
0.3161912
-0.32187426
-0.13893037
0.011096308
0.048738874
0.020249713
0.13867064
0.21773651
0.32158515
-0.036331758
-0.080858015
-0.38185877
-0.43350023
0.14905718
0.14218497
0.09438624
0.13346575
0.038958035
-0.09506398
0.3693709
0.1170443
-0.21614489
0.52362704
0.13521734
-0.47815105
0.18538415
0.23532836
0.17503367
0.43650982
-0.13881305
-0.12904035
0.010954562
-0.022477608
0.08853065
-0.20514743
0.41002184
0.7070189
-0.15606436
0.22598936
0.3793226
0.03290624
0.084674746
0.27749744
-0.123206414
0.19783258
0.024101065
-0.17797023
0.25739986
-0.0049173757
-0.007337179
0.13965642
0.16396068
-0.31790233
-0.1574765
-0.14866804
-0.5420775
-0.018442089
0.35061988
0.20055528
0.3672085
0.3670375
0.27649513
0.101032786
-0.429617
-0.034629572
0.38512975
0.22673629
-0.13732214
0.18145992
0.3174902
-0.41359198
-0.03600067
-0.19434774
-0.08136121
0.3998443
0.31505895
0.10815245
0.18736723
0.13060229
-0.5083355
-0.9283996
-0.26005772
0.013965204
-0.2880145
-0.62963897
-0.4861378
0.26885223
0.2033256
0.15456754
0.04317907
-0.22867613
-0.15751089
0.14086193
-0.028643636
0.1783253
0.19410004
0.1888954
-0.3748842
-0.629433
-0.29004985
0.017747069
0.10030467
-0.19004537
-0.38225362
0.29355025
0.24773422
-0.5058526
-0.5581245
-0.24945049
-0.09759668
-0.0877067
-0.33776364
0.49902195
0.66416943
0.36900514
0.59941465
0.32657143
-0.068272196
-0.31224018
-0.9828118
0.060364563
0.3905631
-0.5612684
-0.2744298
0.76227164
0.6853001
-0.29750478
0.08813515
-0.0032982696
0.027171014
-0.09207394
-0.65188694
-0.71317667
-0.14820498
-0.036505625
-0.21328183
0.18073599
0.49484044
0.6920661
0.057144932
-0.13371626
-0.629534
0.070397
-0.062242318
0.0722915
0.27147877
-0.46926272
-0.5216617
0.28369772
0.109181695
-0.27020556
-0.3399226
-0.66200066
-0.4358102
-0.23263778
0.04667417
-0.19961761
0.491114
0.62795335
0.28538814
-0.019042872
-0.12618291
0.03580753
-0.23366982
-0.31426457
0.37912065
0.0075643426
-0.6620553
-0.0967874
-0.24900894
-0.30486387
0.06605238
-0.19978045
-0.21523406
-0.06260783
-0.035210263
-0.008433924
0.038785446
0.030612187
-0.13683279
-0.09375185
0.1245582
-0.15342009
-0.15914722
0.034383368
0.046754193
0.1281333
-0.38660526
-0.38854542
-0.0059771617
-0.26717147
0.02105079
-0.035584092
-0.17947987
0.09885264
0.07285194
-0.027715363
-0.12400031
-0.09200791
0.11066476
-0.005307541
0.08929847
0.041923497
0.3020191
0.110625006
-0.07954244
0.26149392
-0.109581456
0.029853048
-0.07956845
0.08123136
0.13366403
-0.12601696
-0.17532918
-0.15992783
0.051329456
0.10844794
-0.25546014
-0.30050516
-0.034833536
-0.27683595
-0.22860159
0.06899623
-0.027785832
0.12551238
0.055159856
0.06618897
-0.17565605
-0.13721433
0.21483333
-0.04046183
0.08323594
0.18061873
0.0042572482
0.25383264
-0.041960694
-0.35922962
-0.028990526
0.04998332
-0.36075655
0.11367955
-0.03966874
0.20419991
-0.16225569
-0.036751974
0.27738684
0.09094198
-0.10213323
0.025283504
0.036899056
-0.2091588
-0.15375727
0.04609869
0.08075708
-0.014586851
0.0107874535
-0.08157145
-0.19049983
-0.053207938
0.010419823
-0.25727725
-0.28712153
0.05230639
-0.06664817
0.08564385
-0.077319525
-0.0019875318
0.02060198
-0.0050731
0.035713803
0.20097911
-0.0767792
-0.2446138
0.2344399
-0.0822082
-0.27939495
0.10523562
0.08748804
-0.05107824
-0.091387376
-0.15089712
-0.15542565
0.048255615
-0.10527406
-0.052234177
0.11809158
0.10024396
0.15766114
-0.4696229
-0.030961774
0.2285208
-0.08385063
-0.08485957
-0.004750305
-0.04502411
0.19345286
-0.043688737
0.20010817
0.21952924
-0.024074102
0.16880725
0.14859594
0.26311174
0.10635252
0.23699877
0.13017987
-0.30349824
0.28945717
0.18550995
-0.051840175
0.004131761
0.023949968
0.017768737
0.061271235
-0.35957244
-0.29905453
0.17713489
0.3534456
-0.13109884
-0.16855656
0.30261487
0.12984316
0.11364665
-0.19950926
-0.10819037
0.038941924
0.07130607
0.14137624
0.104510054
0.21375224
0.20623235
0.06382504
-0.06316348
0.05799994
0.32574588
-0.12961648
-0.20935585
0.17188911
-0.2273273
-0.18671481
0.07444516
0.15688513
0.11216434
0.10242191
0.08978048
0.07449158
0.1714588
0.22304611
0.34401098
-0.1743037
-0.230891
0.19082023
0.100312844
-0.074456744
0.12967053
0.15635447
-0.040571645
0.23156124
0.07114162
0.009767119
0.009817996
-0.08649356
-0.3408256
-0.17947906
0.073231496
-0.21248287
0.044753592
0.09230568
0.30851758
0.05481461
-0.17401484
0.21993776
0.032007128
-0.27215165
0.031553227
0.04284921
-0.16325326
0.08016027
0.020567674
0.12065167
0.083493896
-0.011942003
-0.15128732
0.034599103
0.21776454
0.034138363
-0.05243764
-0.18364127
-0.09168128
0.19988485
0.30314872
-0.024572272
0.113287464
0.094373696
0.13939252
0.20198639
0.24979562
0.16491273
-0.17051566
0.0782902
-0.042936962
-0.2754523
-0.15222742
0.14925961
0.15158202
0.08736888
-0.22497442
-0.100917645
-0.11043062
-0.07177885
-0.08144067
0.03867447
-0.21183498
0.04984886
0.059986416
-0.013781015
0.16760333
0.15237696
0.002769657
-0.2827425
0.037723254
0.008621233
0.06175735
-0.17714128
-0.22113654
0.2331373
-0.31350613
-0.10206032
0.2428613
0.038569503
-0.44863978
-0.0063393093
-0.005568844
-0.42669788
0.38969374
0.5973558
-0.14528191
0.3836998
0.6256518
0.2544184
0.45639166
-0.024059437
0.34314144
0.80396366
0.37734747
-0.08303148
0.004355048
0.36125568
-0.04424479
0.21581899
-0.32139257
0.36020902
0.75165886
0.2640013
-0.17516182
-0.029195093
-0.22736274
-0.27267233
-0.3426529
-0.0035442591
0.11282611
-0.0028252862
0.12774405
-0.14965078
0.5662482
0.82459253
-0.4628595
0.12001961
-0.380222
-0.59348994
-0.037381273
-0.28731892
-0.3864318
0.22090563
0.08342588
-0.36692542
-0.878256
-0.5558863
0.24852271
0.19764175
-0.57458955
-0.2824972
0.38223672
0.47482905
-0.2219991
-0.3105552
-0.33095917
0.15379205
0.2956448
-0.2323491
0.46555847
0.87836355
0.39493844
0.7040016
-0.2674236
0.31233326
-0.2846902
-1.2748011
0.49195975
0.65255266
-0.6748726
0.11015566
1.0536013
0.5341877
-0.30736303
-0.052521225
-0.21816887
0.25310695
-0.3372546
-1.1096592
-0.28028658
0.0693504
0.049983338
-0.28961065
0.44649032
0.547598
0.5772212
-0.19946152
-0.6487601
-0.97140247
0.13311757
-0.017886829
0.10176642
-0.017123915
-0.40691078
-0.6313928
0.27705565
0.5502316
-0.06704379
-0.57993305
-0.48441243
0.03664453
-0.4822062
-0.031684708
-0.023382004
0.29948273
0.64510196
0.23423664
0.4307969
-0.21022138
0.56208843
-0.046776704
-0.19359888
1.0522388
0.023603108
-0.65805346
0.44540954
0.24655792
-0.1334679
-0.04403152
0.00452939
-0.018971913
0.1265354
-0.02637795
0.25707987
0.0032194182
0.22018726
-0.14595908
-0.12026858
0.12976448
0.08937893
-0.09101492
0.17718026
0.08974142
0.06302041
0.060361594
-0.4066481
-0.14958869
0.032640763
0.02937577
-0.15691331
-0.06179215
0.12389436
0.050237827
-0.19554396
-0.20555606
-0.09548754
0.105166204
-0.10472364
0.07604784
0.24763425
0.16015053
0.04317755
-0.05010236
-0.038094178
0.13957109
0.16157168
-0.10011312
-0.19558202
0.21678475
-0.029700246
-0.33157992
0.048301246
-0.111204825
0.05194702
-0.033969924
-0.09674388
0.046258144
-0.04881676
-0.083226845
0.12294799
0.1340256
0.02338532
0.15356149
0.10672596
-0.16682713
-0.1923021
0.2441343
0.08120271
-0.08507878
-0.009156751
-0.022720607
0.15129769
0.15653417
-0.33946916
-0.13452978
0.052233152
-0.31842887
-0.16008921
-0.14003208
0.29074672
-0.022574844
-0.249601
0.17369194
0.048933636
-0.082274966
-0.10642533
-0.07268701
0.0063885627
-0.12582052
-0.07318911
0.13534367
0.14000598
0.0669767
0.014293447
0.16684186
0.15509282
0.07428807
-0.20679766
-0.27328658
0.06593962
-0.007932239
0.057010747
-0.09430224
0.0070409873
0.15025365
0.0023952993
0.06065691
0.06879802
-0.005216741
-0.23980989
0.067344256
-0.11115733
-0.3571764
-0.047017828
0.051004514
0.12378588
-0.02442609
-0.10865308
-0.29202202
-0.005385701
-0.16852765
0.08849654
0.06196254
0.043022797
0.06293891
-0.20533729
0.14500636
0.006011331
0.08231444
-0.06222189
0.061655503
-0.039867926
-0.32627022
-0.35688952
0.04074931
-0.21599618
-0.33895707
-0.02207667
0.021939816
0.07815177
-0.0728507
0.028702512
-0.14629056
-0.23435093
-0.0014837924
-0.128916
-0.07109805
0.0015038148
-0.034043543
0.00854208
-0.5284541
-0.37228888
0.352895
-0.19038007
0.07704296
0.10195779
-0.022037847
0.24248643
-0.09807242
-0.087794125
-0.11306089
-0.108925834
0.015061436
-0.18141064
0.03964319
-0.055878755
0.21736813
0.0055439873
-0.060780782
0.13250515
0.03894531
-0.18304946
-0.0061454806
0.1812348
0.10718899
-0.07762106
-0.114870936
-0.2288238
-0.32884753
0.015404566
-0.035167556
-0.13385005
0.022926273
-0.19656219
-0.166435
0.043517984
0.180297
0.066193454
-0.1293594
0.042391103
-0.03654009
-0.09762994
0.041069552
0.10127999
-0.16737008
0.2254416
0.04586217
0.1531049
-0.014677114
-0.0938611
-0.011240497
0.24346541
-0.28057548
0.10837611
0.047660086
0.2082437
-0.23589326
0.07757461
0.05753519
-0.09731527
-0.21064645
0.040402964
0.12537228
-0.09145741
-0.059324734
-0.16315438
0.23424989
0.23470202
-0.08425404
-0.10269634
-0.074520186
0.09045599
0.2772125
-0.18975061
-0.082334295
0.18589805
0.12302113
0.046530936
0.10635959
-0.0017144938
-0.00013061572
0.12706865
0.17135005
0.053505298
0.07076787
-0.2570987
0.09689264
0.19682603
-0.16446786
0.14967063
0.2733876
-0.009649613
0.046090484
-0.10229063
-0.092756584
0.00661127
-0.023225728
0.055972
0.20023945
0.218632
0.06580501
-0.5730018
0.072182745
0.23883453
-0.23520543
-0.0681818
0.14600171
0.2106481
