60
1.1406025
-0.5988691
-0.32664636
0.43355626
0.051975004
0.7374816
-0.321847
-0.3708658
-0.30988565
0.65044945
0.32294506
0.093012206
-0.289057
-0.039050303
0.40016258
1.2301692
-0.019095337
-0.04896776
1.1521137
-0.53943574
0.6379721
-0.47086358
-0.536701
1.5511266
-0.3549877
-0.031035457
0.45670697
-0.8149162
-0.3155017
-0.21671009
-0.06603581
-0.025056126
-0.1611231
1.2103826
0.83710027
0.44358763
-0.058357727
-0.06747702
-0.24362746
0.06688359
-0.31795865
-0.028718686
-0.98258203
0.47738135
-0.5086618
0.84395355
0.43382642
-0.060766093
1.4003359
-0.46855476
1.1531966
1.0169857
-0.026411694
-0.005200795
-0.036358915
1.3082608
-0.027316334
-0.03966485
0.4293591
-0.5295441
