60
17
0.06466739
-0.0343353
2.2245156e-05
-0.007151713
-0.023712568
-0.031795964
0.05201248
0.049928945
-0.027863437
-0.0405483
2.3778173e-05
-0.030551998
-0.027011931
-0.025734216
0.027188461
0.03725252
-0.017061343
0.03406051
-0.027527006
-3.4262066e-06
-0.0019689444
0.0037462704
0.009341182
-0.016878702
-0.01512237
-0.012691159
-0.010094179
-3.2732262e-06
0.012898934
-0.00675578
0.0021041334
-0.009449201
0.007727726
0.012473743
-0.02564475
-0.0026465359
-2.8716279e-06
-0.0049882997
-0.034478813
-0.017848656
0.00113883
0.13643092
-0.037625812
-0.0045853467
-2.9324558e-06
0.02527254
-0.056519136
-0.036411233
-0.03641723
0.110381104
-0.040446635
0.00872833
-0.02143481
-2.0351268e-05
0.05891882
-0.049879074
0.04045984
0.011298057
-0.013323934
-0.020479675
-0.026264416
-1.711659e-05
-0.0028304243
-0.011305541
0.0131334765
0.07123098
-0.0015415269
-0.0049007684
0.00070763147
-0.0016237671
3.945898e-05
-0.0024808869
0.0011942832
-0.004515719
-0.004459596
2.7012378e-05
0.00096397626
-0.0024999701
4.0467814e-05
0.0037181962
-0.002876173
-0.00054628146
-4.851836e-05
-0.002853071
-0.00010610397
0.026048783
-0.014625086
8.713972e-06
-0.0042973314
-0.015481626
-0.0058847973
0.022094743
-0.02971906
0.124652036
-0.043499354
9.565299e-06
-0.0037373495
-0.0030335963
-0.019586707
-0.04712517
-0.046844263
0.07126718
2.4710438e-33
-1.6789887e-33
3.9139848e-34
2.151679e-33
-2.0537093e-33
2.0305668e-33
-1.9696916e-33
2.2475305e-33
2.1037918e-33
1.8179913e-33
-1.856376e-33
-2.0296447e-33
-1.8665034e-33
-2.3262155e-33
1.4978609e-33
-1.8841521e-33
2.1867523e-33
0.0016561039
-0.0003100566
1.5164023e-05
0.0016029575
0.00016911929
0.00034075827
0.00022089054
-0.00019944631
4.132524e-06
3.3748343e-05
3.8338645e-11
0.010212012
5.882434e-05
0.00084081944
-2.5415855e-07
0.0059659
-2.6353715e-09
-0.0028343152
-0.02255194
-2.3587482e-07
0.0045390897
-0.019769404
-0.007992506
0.0017873136
-0.013388795
0.001177999
0.0042082393
-3.3449217e-07
-0.015331321
-0.004677439
0.04256985
-0.0069518015
0.016821297
0.020269305
-0.030172855
-0.06080916
6.946095e-08
-0.035161898
-0.010414605
0.0011356901
0.030321086
-0.026930302
0.012087109
0.0073013427
-4.2142028e-07
-0.026765022
0.032933064
-0.046862524
0.10983979
-0.00020770053
0.03938262
-0.004489018
0.002545396
-1.7586048e-05
0.0072730626
0.0027491169
0.009564211
-0.0034033365
-0.002287165
-0.00034602996
-0.00027752432
-1.0925821e-06
-0.0014694578
-0.0015752084
0.0009272959
7.819131e-05
0.00019559906
-3.9051656e-06
0.0044100964
-0.0017935229
-2.8165928e-06
-0.0013491835
0.00042627286
-0.0033155733
-0.00047056982
-0.0046853046
0.0023133075
0.0032251782
-4.6574332e-08
-0.0119102085
-0.0025753374
0.0064881663
0.00014025778
0.00083203433
0.00019707796
0.018526478
-0.02098417
2.8615446e-05
-0.021163912
-0.047483917
0.09317672
-0.03298353
-0.048173755
-0.008512895
-0.01773406
3.419674e-05
0.03435614
-0.031120494
0.1287204
0.00052400585
-0.036053408
-0.02229444
-0.034413192
-0.0092083765
-1.1430877e-06
-0.029065022
-0.03617094
-0.020439329
-0.015078436
0.1403412
-0.04328664
0.009077432
-1.1129022e-06
-0.0037465007
-0.040222984
-0.0065279333
-0.011214322
0.08735062
-0.014298105
-0.0028790892
0.03004049
5.2152373e-06
0.037334897
-0.08778133
0.013220832
-0.053452097
0.005270347
0.072221644
0.024919597
4.2302563e-06
0.024500685
-0.07611261
0.010392894
-0.04387319
0.020732783
0.047901012
-0.01478154
0.02513605
9.51923e-06
0.005548475
-0.011135715
-0.033965345
0.097036436
-0.04748494
0.005011265
0.039378885
9.789462e-06
-0.01163577
-0.01527817
-0.00517866
-0.037623987
-0.012960065
-0.010942557
-2.2606116e-33
1.9661056e-33
-9.215295e-12
2.1550705e-33
2.0065496e-33
-2.2519307e-33
-2.5299076e-33
2.1167874e-33
-1.7807426e-33
-2.4863862e-33
-3.8231336e-12
-2.5056206e-33
-1.9908685e-33
-2.3964517e-33
1.2370791e-33
2.4656306e-33
-1.3035915e-33
-2.0987019e-33
-1.5672831e-33
-3.2252018e-08
2.0722814e-33
2.1403732e-33
-1.9954204e-33
2.2807307e-33
1.7776298e-33
1.7033815e-33
-1.5476777e-33
-6.18621e-07
-1.7976934e-33
2.01264e-33
-2.1248548e-33
-1.3778347e-34
-1.7195976e-33
-1.4107595e-33
0.12591982
-0.008096912
-1.2379205e-05
-0.008111037
-0.007257494
-0.023915686
-0.06101606
0.011517247
-0.0034418846
-0.0032304921
-1.1828235e-05
-0.0030619097
-0.0019255303
-0.0038032199
-0.0050748345
-0.0022819368
-0.0025133865
0.033522483
-0.08393283
-4.315703e-06
-0.0374664
-0.043765232
-0.016513543
-0.07135394
-0.06122367
-0.042304054
0.06560965
-5.1521683e-06
0.027755754
0.051603485
0.045066014
0.07564158
0.02784022
0.045311604
0.0014167564
-0.005030049
2.133778e-06
-0.0018523001
0.0026279972
-0.002392876
0.002200427
-0.00591999
-0.003930431
0.0006659436
2.1282867e-06
7.674399e-05
-0.0002695273
-0.0026719712
-0.00089884095
-5.0468112e-05
-0.00022075379
0.04805404
-0.021223826
-3.066083e-06
-0.032111168
-0.043228567
0.028405793
0.09736546
-0.046112634
-0.057413388
0.0013412064
-4.741507e-06
0.030295063
0.041944336
0.030693483
-0.037392113
0.030303564
0.009159577
2.3547167e-33
-1.7811739e-33
-6.82924e-15
1.8662189e-33
1.8242833e-33
2.2202476e-33
1.9767084e-33
2.1563202e-33
1.4569281e-33
1.8539632e-33
-2.7596883e-12
-2.0567716e-33
-2.2485705e-33
-2.1595418e-33
-1.7094566e-33
1.9906238e-33
-2.5247051e-33
-0.09664569
-0.015271889
7.2506253e-07
-0.03226442
-0.014680007
-0.03529561
0.20805122
-0.0073106657
-0.027749563
-0.026820142
1.2301672e-06
-0.027027447
-0.022558901
-0.033439968
0.15878789
-0.02594637
-0.026763527
-0.033424158
0.0026103219
-2.0699856e-06
0.10823972
0.025537182
-0.060295485
-0.058457285
-0.044645574
-0.03804776
0.024529194
-2.4694543e-06
0.107803024
0.0437837
-0.05862562
-0.0017012027
0.016428579
-0.014168092
-2.128809e-33
2.0819983e-33
-3.0091212e-06
-2.0947164e-33
2.0773068e-33
2.1364797e-33
-2.1994658e-33
-2.250204e-33
-1.847756e-33
-2.1490621e-33
5.0916268e-12
2.1825495e-33
-1.9021804e-33
2.0648291e-33
1.7117652e-33
-1.9610965e-33
1.8099173e-33
0.036942866
-0.030151356
8.002353e-07
0.069031425
0.024858404
-0.0021830134
0.03623011
-0.03472723
-0.043662723
-0.025193421
4.5625748e-06
0.0659749
-0.0025271163
-0.041397594
-0.00440949
-0.04893607
-0.019820068
0.025163876
-0.017137662
-1.0389926e-05
0.08562752
-0.009098789
-0.006259242
-0.021899803
-0.026324565
-0.033261336
-0.0016616482
-9.118699e-06
0.054119002
-0.017898101
0.010581272
0.005914588
-0.010692025
-0.00998198
0.0067336936
-0.0018396813
-7.566578e-07
0.003653818
-0.002529254
0.11639163
-0.0061676833
-0.014826704
-0.025713403
-0.0054849205
-7.272207e-07
-0.006371922
-0.0024818266
-0.020411583
-0.0014280443
-0.007245992
-0.0026819727
0.0306681
-0.0056284238
-3.2217213e-07
0.01428075
0.0849466
0.009608506
-0.034193896
-0.041141037
-0.01869653
0.016030883
-4.271301e-07
-0.024556948
0.080910616
-0.022981266
-0.021771805
-0.044351198
-0.0061741127
-2.3114993e-33
1.9253701e-33
1.3020986e-12
2.091353e-33
-2.2374936e-33
-1.9249203e-33
-2.0851128e-33
3.487406e-33
-2.1706416e-33
2.2349366e-33
3.5213402e-10
-2.1621547e-33
2.1010163e-33
-1.9630732e-33
-1.5905458e-33
-1.9589768e-33
1.8890872e-33
-0.021245115
-0.033873737
9.149404e-06
-0.009776638
-0.018997809
-0.050382428
-0.048614312
-0.029842354
0.007419688
0.024805725
1.0607025e-05
0.05800153
0.041037027
-0.023405582
-0.0040039723
0.049862355
0.052816458
1.9672506e-33
2.0152918e-33
-2.6204158e-13
-2.0702772e-33
-1.9685041e-33
1.9176297e-33
-2.058356e-33
1.7682903e-33
-1.9277826e-33
1.976645e-33
-5.756504e-10
2.4399712e-33
2.1757736e-33
-1.8574664e-33
1.6161712e-33
1.8898213e-33
7.903614e-34
0.058964897
0.053942375
-7.82728e-05
0.07383796
0.08667264
0.0882479
0.05004497
0.05780984
0.05579654
-0.10295955
-7.651143e-05
-0.059718292
-0.05248294
-0.08427426
-0.14106573
-0.08575492
-0.08294615
0.015172729
0.13952535
-2.0481028e-05
-0.009241372
-0.021578116
-0.030966934
-0.0044555417
-0.054223694
-0.043385163
0.16150741
-1.9632806e-05
-0.030610746
-0.01816941
-0.012851392
-0.0396613
-0.02322336
-0.023480918
0.04433315
-0.03794518
-2.5019922e-06
-0.0014806414
0.008385423
-0.018968713
0.019489942
0.052971736
-0.043962676
-0.045786064
-2.5775967e-06
-0.019915847
-0.021995373
-0.029452939
0.0135296555
0.04810496
-0.0015741208
-2.2435632e-33
-1.7324985e-33
2.0953187e-33
2.0942819e-33
-1.814747e-33
-2.1234734e-33
-2.1736766e-33
-1.6604313e-33
2.0457112e-33
-4.8853917e-34
4.0375586e-33
1.9941558e-33
-1.7405341e-33
2.054586e-33
2.2483871e-33
2.0429864e-33
-5.4853636e-34
0.0060204
-0.00018134678
1.0553924e-09
-0.0056763384
0.0031046628
-0.0033560144
-0.002429923
0.0025397073
0.00035249622
0.00082719687
-3.8860826e-10
0.005154662
-0.002046271
0.0044716
-0.0017339663
-0.0017581553
0.0018573417
-0.009878862
-0.04057101
-5.3321055e-06
-0.073322594
0.10763198
0.014696061
-0.056437287
0.05934663
-0.032273557
0.0018518817
-5.465064e-06
-0.076034784
0.09319694
-0.03384895
-0.024393665
0.068776764
-0.007280793
0.0013904864
-0.018421667
3.086596e-05
-0.01880693
-0.020908616
-0.004430709
-0.0037526696
0.071633264
-0.015683725
-0.0387575
3.1358075e-05
-0.037152413
-0.00958361
-0.018643403
0.029775605
0.08547593
-0.012483664
-2.0769389e-33
1.758707e-33
2.6296296e-12
2.0853071e-33
-1.9395041e-33
2.0977549e-33
-1.8991996e-33
2.2458881e-33
-1.954864e-33
1.995259e-33
1.921429e-10
-2.0608679e-33
-1.5475563e-33
2.1249404e-33
3.4093106e-34
1.8319075e-33
-2.827777e-33
-2.2895306e-33
-1.6889203e-33
-3.2206774e-14
2.0641903e-33
-1.966493e-33
2.3240695e-33
-2.304048e-33
2.0835852e-33
4.714423e-34
2.4380578e-33
4.735276e-09
1.9568842e-33
-1.9457908e-33
-2.1227121e-33
-9.620159e-34
-2.2694305e-33
2.3883703e-33
0.09945727
-0.029374216
-1.8058403e-05
-0.0094875125
-0.016092539
0.013104789
-0.00817376
-0.0011325093
-0.036348782
0.031013543
-1.5638288e-05
0.08602986
0.07415697
0.0877477
0.0013914591
0.07940581
-0.0028612001
-0.0072143204
0.0025344463
-2.3051225e-06
-0.0104320245
-0.0014067182
-0.00012767331
0.0045931237
0.0017200693
0.000976186
-0.0033823482
-3.9456e-06
-0.011079741
0.012341354
0.0021968333
0.0059685586
0.0069803246
-0.000989621
0.04836184
0.060891677
-3.1215118e-06
-0.0004286611
-0.04487376
0.060823586
-0.042655367
0.0181801
-0.044696305
0.031902064
-3.2238304e-06
-0.009210478
-0.008688036
0.027461722
-0.038357634
0.015504354
-0.0498097
-0.024016842
-0.04427578
1.1264901e-06
-0.012897218
-0.023266003
-0.0028493602
-0.048822153
-0.013080845
0.075339094
0.0020963713
1.6537449e-06
-0.015736645
-0.024019118
-0.0404779
0.005072759
-0.0074803918
0.16096586
-0.04378799
-0.016421545
-2.4881788e-07
0.041902605
-0.01053883
0.06026681
-0.019176973
0.0012089224
-0.0074631083
-0.019056734
-4.5918e-07
0.0078887995
-0.002490879
0.03573983
-0.0036739346
-0.008504922
0.010616713
-2.1575172e-33
-1.9851115e-33
5.6721614e-09
1.910982e-33
1.8911168e-33
-2.0112993e-33
2.1352614e-33
2.2467808e-33
1.90156e-33
2.066162e-33
2.311664e-12
-1.9352276e-33
-2.0486367e-33
2.1062212e-33
3.123145e-35
-1.9718435e-33
-7.758734e-34
-0.05192449
0.07835515
6.8825057e-06
-0.066184446
0.033807408
-0.053399272
0.030235294
0.038448744
0.1104118
-0.035132937
7.3128963e-06
-0.020690115
-0.01163329
-0.0021147847
-0.04768528
-0.011772209
-0.022719478
0.028875234
-0.025576854
4.447002e-06
-0.018052086
0.086227104
-0.006211111
-0.025074737
-0.001193088
-0.009572836
-0.0360032
3.5518442e-06
0.04841059
-0.004475758
-0.015084766
-0.0100091295
-0.019584835
-0.011669747
0.049298186
0.056169067
4.049528e-06
-0.019583225
-0.043563716
-0.030165557
0.06486681
-0.026568543
-0.025007105
0.03359411
2.4978317e-06
-0.026542427
-0.06121937
0.018978106
0.08304974
-0.03028264
-0.045408953
0.0065649753
0.14566012
-2.3578132e-06
-0.0032600428
-0.019308826
-0.0315403
-0.025686473
-0.012694965
-0.011750536
0.1743831
-2.4053115e-06
-0.039704863
-0.014712078
-0.031752083
-0.028742969
-0.04396158
-0.029298346
-2.2506731e-33
-1.3995232e-33
-7.8653443e-07
-2.5752543e-33
-2.2453689e-33
-2.1396872e-33
-1.7576958e-33
-2.0387214e-33
1.6547812e-33
1.0272322e-33
1.5728953e-14
2.2028586e-33
-1.8830448e-33
2.0349965e-33
-9.699869e-34
1.8990087e-33
2.2388598e-33
-2.3080738e-33
1.1810524e-33
-1.1877758e-10
-2.168253e-33
2.1561793e-33
2.0315338e-33
-2.231527e-33
1.9566372e-33
-2.795788e-34
-1.820618e-33
-9.65499e-06
-2.0328558e-33
-2.1404117e-33
2.0956778e-33
1.9275569e-33
2.0891464e-33
-1.8994312e-33
0.016588463
-0.04840193
3.3958917e-05
-0.023644045
0.05710925
-0.0139265
-0.04610168
0.0027041521
0.052237507
-0.015688399
3.4880155e-05
-0.005617933
0.008295463
-0.010136891
-0.008386517
0.015839934
0.003598117
0.09240084
-0.048960507
-3.2575413e-06
-0.027729198
-0.047160394
0.017350918
0.102017045
-0.0033290645
-0.0069068335
-0.029707499
-2.4032008e-06
-0.010742525
-0.029134842
0.011337934
-0.015742771
-0.02473231
-0.032349087
2.2020918e-33
-1.9954074e-33
8.091972e-10
2.1947403e-33
-1.9724437e-33
-2.3813839e-33
2.1054603e-33
2.1354631e-33
-1.8884038e-33
1.805013e-33
-8.037625e-07
2.5065966e-33
-1.8960202e-33
2.178087e-33
-1.6597354e-33
-2.1398808e-33
4.0630884e-34
-2.2464399e-33
1.9594727e-33
-3.446102e-05
-2.1969185e-33
1.9408793e-33
-2.5187363e-33
-2.2263986e-33
-2.1293423e-33
-2.1339976e-33
2.0659453e-33
8.7803514e-12
-2.2316255e-33
-1.9891583e-33
-2.1650044e-33
-2.1495485e-33
2.1248688e-33
-2.0755954e-33
0.024610357
-0.029243626
6.501429e-06
0.05199923
0.018906774
0.055284705
-0.019262485
-0.009825864
-0.01829692
0.007575598
4.241062e-06
-0.010770242
-0.0085841715
-0.02030599
-0.008907262
0.005604029
-0.0051728394
0.07664953
-0.0134511115
-7.407748e-07
-0.0018073526
-0.034314085
0.026306335
-0.016420962
-0.012919958
-0.003754186
-0.011932394
-1.6665131e-06
-0.046009034
-0.018191466
0.0021914232
-0.0048986897
0.0037118327
0.015693035
