3
6
5
5
0.10647323
-0.05170725
-0.1636868
-0.28428218
-0.29877928
0.14333408
-0.0045697438
0.028866384
-0.32737532
-0.24921143
0.12696072
0.22176903
-0.014750051
-0.22182807
-0.35320944
0.34213105
0.25693917
0.07140725
0.017019775
-0.1935852
0.35998106
0.15209891
0.16526452
-0.12074513
-0.014499178
0.45730487
0.19402692
0.27516195
0.21183062
0.021790558
0.63765824
0.31893393
0.3179419
0.112705015
0.009467568
0.6763125
0.54640615
0.27766275
0.062413935
0.05478974
0.17585681
0.13171434
0.22164527
0.20301886
0.09820446
0.061254222
0.10715001
0.12339961
-0.005973437
-0.08259599
0.14173067
0.047610365
0.1091957
0.23702346
0.4552478
0.043457616
0.12820524
0.10698316
0.12366854
0.19445127
0.22266065
0.063993126
0.25902882
0.27736548
0.462359
0.47122118
0.40274468
0.2507432
0.15942366
0.22771075
0.41641584
0.40439272
0.44932622
0.37232965
0.43750238
0.26434103
0.09394054
0.072835386
0.055382904
0.24060623
0.2813175
0.118526414
0.1013768
0.12544586
0.0045906147
0.32353413
0.23230316
0.17014733
0.041978434
0.002165717
0.40658605
0.42787445
0.13980037
0.17391017
0.16954412
0.50824004
0.39651662
0.5596891
0.28784558
0.46681538
0.39452463
0.15814121
0.3127755
0.4155642
0.41930637
0.35231477
0.3958466
0.38124636
0.6566759
0.7285465
0.4045498
0.50875956
0.40165734
0.5940854
0.61072296
0.20393999
0.28428063
0.4658622
0.5941427
0.587484
0.060839284
0.14573525
0.2842451
0.6218682
0.67993
0.3962796
0.5221663
0.33417726
0.3426074
0.043026447
0.54513806
0.7895054
0.70281476
0.41507882
0.21076648
0.56251025
0.77768695
0.56340224
0.48544446
0.50139046
0.42587197
0.3943083
0.40225312
0.44942126
0.32398382
-0.022224398
0.06337598
0.15161663
0.31361416
0.15755981
-0.073588155
-0.27649868
-0.55624455
-0.532211
-0.7046983
0.20517088
-0.14885588
-0.5244625
-0.48573798
-0.6750767
0.13779525
0.05135884
-0.088315554
-0.47209775
-0.6496452
0.12668891
-0.011876912
-0.13779473
-0.3277658
-0.34568712
0.035623748
0.12610331
0.008582667
-0.093442574
-0.30070686
0.5965171
0.5818666
0.4553402
0.38023788
-0.027088653
0.66887015
0.67284536
0.649178
0.6025371
0.4394472
0.58541554
0.6813855
0.59983855
0.585062
0.4320549
0.30957115
0.46069494
0.2837081
0.09757153
0.113771625
-0.20069468
0.050418314
0.018666139
-0.13347855
-0.24299772
-0.0014384933
-0.17491746
0.008451481
-0.004185689
0.12762779
0.11128496
-0.07857499
-0.13408262
-0.14238927
-0.046160676
0.12035475
0.009956506
-0.15219356
0.0133405905
-0.017646808
0.24571577
0.107963756
0.11940165
0.25295573
0.16975495
0.5242841
0.40293628
0.2693018
0.34452084
0.34527394
0.3378209
-0.044086885
-0.34550667
-0.28668857
-0.14938796
0.1950994
-0.05664808
-0.23618
-0.34023592
-0.35697788
0.35377514
0.14093128
-0.019676642
-0.044410776
-0.21412963
0.38012835
0.34524244
0.033962995
0.10668665
-0.07211605
0.6044122
0.43059027
0.4431983
0.22659782
0.27455443
0.2930906
0.36973304
0.7170198
0.6330032
0.7995796
0.3750309
0.60478157
0.75864077
0.91417927
0.82668537
0.5958305
0.560066
0.86347187
0.9749421
1.0737348
0.24236366
0.5917824
0.6699167
0.7543173
0.8296372
0.32164595
0.38525823
0.54345983
0.5689558
0.6814876
0.69459355
0.90629745
0.91814595
0.8239828
0.4881924
0.8240656
0.9610878
0.95832634
0.9850494
0.90851647
0.7013421
0.7914431
0.9255121
1.0765579
0.92941177
0.25592595
0.5141259
0.678985
0.64895034
0.65746474
-0.07484725
0.20282567
0.32026163
0.19877405
0.38018245
0.3479901
0.47707292
0.25974038
0.21508494
0.19336087
0.6021022
0.3788429
0.531092
0.23844288
0.18612295
0.62066054
0.5414267
0.34403712
0.37686613
0.25057778
0.5769567
0.6060755
0.48090094
0.4866834
0.2719289
0.6845326
0.45588455
0.52856135
0.5001523
0.4917192
0.4430905
0.5223625
0.76556116
0.6140317
0.36463913
0.44356602
0.78330034
0.813212
0.6628919
0.465352
0.7314742
0.85752827
0.87212294
0.6581868
0.44734105
0.22707751
0.4890088
0.31176612
0.43037358
0.29784966
0.059582222
0.07409378
0.09809213
-0.10928237
-0.014265757
-0.4866977
-0.45278156
-0.7293951
-0.6633545
-0.45668557
-0.2809545
-0.671999
-0.574085
-0.56880116
-0.4100428
-0.30008018
-0.3118973
-0.6557137
-0.42116472
-0.2482039
-0.20263171
-0.33931702
-0.3371378
-0.24330221
-0.13368697
-0.007974083
-0.044804227
-0.05062292
0.19177048
0.20603
-0.04393526
-0.36648893
-0.7567582
-0.8882395
-0.50342774
0.046468813
-0.4935609
-0.6658387
-0.8359759
-0.67085636
0.028644986
-0.2546611
-0.5223824
-0.6098202
-0.4744391
-0.06296952
0.028015139
-0.2060165
-0.41448396
-0.29183006
0.36048907
0.04102661
-0.04253514
-0.14928925
0.0681442
-0.038413316
-0.22171539
-0.13190287
-0.07235102
0.056393053
-0.2034969
-0.2723273
0.11512913
0.16130258
0.32723916
-7.867474e-05
-0.17817289
-0.04487471
0.01933075
0.26781958
-0.20651785
-0.11106006
-0.2369526
0.0326911
0.27916524
-0.4026586
-0.39117002
-0.19236267
-0.03954157
-0.11769889
0.2563469
0.27452868
0.49462909
0.5557418
0.47110933
0.34420505
0.5155838
0.8885384
0.72722495
0.7678226
0.22130753
0.5202847
0.6825819
0.7941372
0.67797303
0.10854576
0.18879122
0.46417233
0.33475876
0.3785315
-0.23713069
-0.1658616
-0.19184932
0.03172675
-0.13801263
