10
14
3
3
0.05229693
0.25601658
0.3465698
-0.062090367
-0.07157749
0.046591695
0.18238452
-0.009432444
-0.21993455
0.10172323
0.23084897
0.09168519
-0.006564978
0.028268142
-0.05053691
0.04569439
-0.15632261
0.10227193
0.08125354
0.12389692
-0.26813468
0.06400905
0.42537543
-0.030898226
-0.1854062
-0.18838058
-0.14788121
0.045241594
-0.029057633
0.18509166
0.030367224
-0.21995306
-0.24782018
0.13386273
-0.07361747
-0.33205217
0.09944482
-0.028144835
-0.025037108
-0.04432813
-0.018854171
-0.046454083
-0.013929352
0.0070097996
0.03460026
0.1542298
0.13975002
-0.2722259
0.103969395
0.118635535
0.005348327
0.10298829
-0.030938597
0.08016257
0.06683716
0.18074654
-0.38715276
-0.013312779
0.27292004
-0.17416938
-0.22943698
0.17502843
0.15911518
-0.40033904
0.08582767
0.08854408
-0.18362686
0.11129454
-0.10032698
0.36060002
0.28764215
-0.019323323
-0.042393893
0.029016392
0.0498696
0.13930431
0.014025809
0.32762447
-0.17901227
-0.43510276
-0.017273229
0.087418914
0.1550469
0.20111535
0.27862707
0.016688207
-0.31348005
0.18267412
0.02082585
-0.10529842
0.057165083
-0.038795855
-0.115863554
0.20359209
0.037586167
-0.061104782
0.184809
0.06502859
0.16424282
-0.22713889
-0.36738074
-0.072427794
-0.1675089
0.028713616
0.12154283
-0.054677352
0.15126143
0.1158981
-0.2166051
-0.359122
0.26355997
-0.09975015
0.0027387838
0.20789845
0.15557066
0.12647666
0.15527126
-0.1181815
0.010929756
-0.185316
0.32013294
0.15383935
-0.10521024
0.14047591
-0.059079405
0.056730833
0.20377627
0.44685048
0.2369079
-0.34177247
-0.15906015
0.046355397
-0.042385824
-0.1290586
-0.32233912
-0.11014453
0.085561536
0.05618974
0.02607567
0.13547343
0.13331531
-0.20796011
-0.06404244
-0.10734705
0.05251069
0.06728922
0.05180121
0.03139403
0.21453731
0.049770106
-0.4951027
-0.061869007
0.24962984
-0.03962743
0.039702456
0.09588094
-0.08432871
-0.32869405
-0.0153328525
-0.031032395
-0.37751314
-0.5460384
0.001525644
-0.06613054
-0.038107846
0.18053962
0.13989893
0.0807837
0.08307201
-0.055519976
0.00021588212
0.007360231
-0.35264274
-0.50815624
0.2121508
0.19811234
-0.1939666
-0.39156097
0.0391645
0.28146616
-0.16892825
-0.14869332
-0.27230617
0.24272083
0.23172306
-0.12545839
-0.09330272
0.14790641
0.20492382
-0.17968963
-0.110058546
0.2693151
-0.17730707
0.12611751
0.08996165
0.15515207
0.021686181
-0.29273376
-0.1485986
0.09728248
-0.058202233
0.17350315
0.14661643
0.27039018
-0.2218312
-0.14943822
0.00060047465
-0.08486876
0.06416356
0.031806998
0.09157684
-0.15762937
-0.24613728
-0.010402221
0.1192976
-0.06648978
-0.2696851
-0.16631061
0.008086942
0.0015293127
-0.09535634
-0.24784094
0.08316956
0.11949448
0.08682056
-0.20439199
-0.23297796
0.09487512
-0.13189067
-0.027209492
0.027070224
-0.12061964
0.08315711
0.09726818
-0.23505154
-0.2793363
-0.13312247
-0.078717925
-0.1276059
0.093317695
0.16805647
0.16594368
0.10249538
-0.11619765
-0.16577868
-0.25145227
0.20939255
-0.02045139
-0.23600322
0.11645232
0.22669409
0.1900056
0.04902857
0.2253875
0.15554824
0.14896435
-0.046311375
-0.24436472
-0.019019492
-0.01903318
-0.25247908
-0.05676593
0.022969637
-0.022109078
-0.15604673
-0.14221393
0.10867932
-0.07625949
-0.122261
0.055396985
0.08464471
0.036359075
-0.011385322
0.0478033
0.14585213
0.11877599
-0.44364536
-0.038363747
0.2634722
0.054714963
0.02101025
0.14231722
0.10248098
-0.23724276
-0.010638668
-0.022881035
-0.44075215
-0.2591838
0.022010414
-0.1284982
-0.007526044
-0.12556864
0.062159263
-0.10634253
-0.031876113
-0.1761156
-0.037770674
0.23376949
-0.22551315
-0.46711043
0.082845815
-0.017118832
-0.19938357
0.19192386
-0.15785718
0.08606534
0.017111635
-0.09772192
-0.03512619
0.07863363
0.2917117
0.07747995
-0.21005291
0.06608147
0.06574708
-0.030451577
-0.05658247
-0.02034227
0.21612917
0.07705978
-0.14349283
0.12756827
-0.028359162
-0.32677644
0.057271905
-0.02451491
0.06447256
0.14844991
-0.1228539
0.16767302
-0.09801689
0.017695066
0.09543856
0.020426156
-0.21922912
0.039442044
0.11432027
-0.19778337
-0.2967975
0.040960457
-0.09132664
0.09652429
-0.12829238
-0.44381556
-0.2602021
-0.10829928
-0.26137444
-0.14756136
-0.023742491
-0.020523872
-0.0030715694
-0.35296834
-0.28758314
0.40664738
-0.112236105
0.003715434
-0.12340952
-0.07266968
0.1716131
-0.19799514
-0.29345214
-0.09057548
-0.24126571
0.16173093
-0.016507275
-0.26457444
0.17329702
-0.06979867
-0.19447766
-0.19302608
0.020594982
-0.25875613
0.111704774
0.18378028
-0.03830568
-0.1304451
0.17914462
0.08191004
-0.095794775
0.1005002
-0.39381984
-0.011470129
-0.08215392
-0.522759
-0.12808843
-0.027969236
-0.57728964
0.14918736
0.10566852
-0.09056177
0.09752991
-0.008463226
-0.28482085
0.10019745
0.3510279
-0.18644331
-0.2032523
-0.52904713
-0.5389569
-0.08264534
-0.37620628
-0.60680866
0.21434395
-0.44117555
-0.38444597
-0.02351082
-0.42408594
0.05603331
-0.25605762
-0.293798
0.1874266
-0.055621047
-0.43634516
-0.13569483
-0.18671925
0.1717443
0.13581912
0.039840113
0.068251796
0.011574089
-0.015447915
-0.09449406
-0.05755821
-0.6351879
-0.8249983
-0.60663617
-0.5580342
-0.7175286
-0.40520185
-0.47754526
-0.75182486
-0.53078985
0.41598836
-0.39479265
-0.5415731
0.20582016
-0.24112283
-0.4062191
0.23306033
-0.24169087
-0.4564833
-0.35490826
-0.012329611
-0.21066584
-0.3139169
-0.22583655
-0.46461242
-0.10866552
-0.17756872
-0.23728262
0.026833193
0.015506262
-0.5103261
0.5527497
0.07879611
-0.907556
0.34762383
0.19684722
-0.96232486
-0.829657
-0.8815388
-0.24310736
-0.75185937
-1.0271854
-0.6001056
-0.78180593
-0.81956923
-0.5224919
-0.48079956
-0.5135462
-0.078444295
-0.63551754
-0.33380374
-0.2142866
-0.26396564
-0.3858991
0.029010614
0.029450824
0.042977348
-0.30127275
0.24258268
0.31463656
-0.20335387
0.17658116
0.4239951
-0.24477382
-0.35092545
-0.149029
-0.2600661
-0.5600155
-0.103057645
-0.19254674
-0.6187623
0.009651527
-0.29211688
-0.10413973
-0.6112823
-0.524491
-0.1561757
-0.55275166
-0.44165048
0.29686153
-0.4387629
-0.44465438
0.10160883
0.06377669
0.09543668
-0.19116208
-0.26637957
-0.2017879
0.17479374
-0.0657884
-0.17041597
0.16052672
-0.04860617
0.108930185
0.028282348
0.042594936
0.05295267
-0.18630226
-0.16453499
0.023876617
0.03203465
0.13414532
-0.10902629
0.07387028
0.30673972
-0.059916407
-0.41317677
-0.25131992
-0.10780972
0.18719791
0.11911352
0.26212016
-0.039711196
-0.15042403
-0.033277865
-0.010581659
-0.09023652
-0.26471293
0.041224763
0.051650055
-0.04045588
-0.036745068
-0.040307518
-0.08863013
-0.1244818
-0.022938602
-0.002462277
0.25520855
0.10702652
-0.1592955
-0.05878686
0.12873025
0.021508802
-0.15443434
-0.3257783
0.31300503
0.21714294
0.18736002
-0.4446251
0.1558303
0.1091831
-0.09646457
-0.2613711
-0.08787358
0.09216383
-0.4352888
0.16189404
0.045334373
-0.22591992
-0.040621262
-0.0186089
0.114154406
0.30933723
-0.15452082
0.0025497132
-0.010365802
0.018546693
0.1535099
0.07459218
0.15993641
-0.09148292
-0.41823202
0.026946653
-0.16222048
0.016717507
0.21639648
0.105793
0.095268466
-0.32880783
0.08284267
-0.090320945
-0.12043686
-0.05598308
-0.3514447
0.0624549
0.12491358
0.07338406
-0.14566125
0.16565938
0.030240046
0.07392334
-0.06164005
-0.29062113
0.076901
-0.0202132
-0.03843051
0.11779628
-0.06357121
0.2298839
0.0540361
-0.016260944
-0.24339
0.03365987
-0.00811263
0.07216523
0.06748359
0.14844924
0.061172992
0.10588201
-0.00026167458
-0.10032566
-0.22169523
0.27687228
-0.00026927487
0.08366267
0.25505507
0.13746703
0.03341834
0.17838587
-0.4740573
-0.34942088
0.25940847
0.035611913
-0.110996395
0.19897097
-0.0017803399
0.23598437
0.057259697
-0.602893
-0.2979286
0.010178905
-0.36053166
-0.6531987
0.230099
0.087904274
-0.12483468
-0.4200227
-0.18878177
0.1929131
-0.30540806
-0.44791597
0.05759439
0.32155246
0.08331506
0.069726385
0.30636197
0.3879537
0.38605917
0.18127695
0.27560425
0.24424346
0.27757916
0.39716056
0.5311524
-0.031551346
0.028757552
-0.10893597
0.077702686
-0.1006144
-0.010521798
0.058521304
0.05957442
0.069059454
0.025589217
0.1453574
0.20528924
0.15666434
-0.26237357
-0.17852277
0.62831855
0.1274
-0.27951732
-0.30192858
-0.07823136
0.42698678
-0.3628862
-0.3135955
0.22822307
0.24279982
-0.0026970438
-0.21971531
0.44772637
-0.1784428
-0.03545294
0.058760688
0.009190143
0.16507141
0.052007426
-0.10089915
-0.016281955
0.20984897
-0.22397795
-0.0572006
0.26776245
-0.32581562
-0.4966747
0.33918443
0.21995336
-0.112815864
-0.06176242
0.04341561
-0.15681905
-0.13870017
0.038792253
0.10090501
-0.05490617
-0.1341268
0.22475538
0.016310195
0.28697392
0.16683222
-0.29217452
0.05706661
0.23316005
-0.11475107
-0.29590324
-0.1228104
0.16568923
0.11720621
0.1310251
0.024095085
0.120173514
0.03822204
-0.14929312
0.13499019
0.08078999
0.4251104
0.17198469
-0.2079093
0.40059853
0.13710122
-6.659417e-05
0.21172643
-0.28406146
-0.36397964
-0.25417772
-0.12622821
0.30689508
-0.37349787
-0.4043608
0.24785654
-0.32192004
-0.34595922
-0.304009
0.10128285
0.29408208
0.26229596
-0.23073529
-0.009558826
0.02073808
-0.01064509
-0.0395077
-0.2406421
0.15935473
0.1781393
0.08127241
0.031937394
0.016434407
-0.088203065
-0.12634258
0.07840744
0.04299505
0.035970517
0.23950934
-0.078335755
0.33440197
0.1476801
-0.15547664
-0.18484959
-0.12238961
0.026340745
0.1288039
-0.051764566
0.19789433
-0.06399898
-0.060834836
0.041311342
0.15365373
-0.30457518
-0.26560175
0.024773253
-0.13741758
-0.09920605
-0.03771658
-0.13022107
-0.012511067
0.0019247317
-0.07616411
0.11133195
0.11636109
0.00057958317
-0.115442604
0.123877615
0.09006038
0.032841105
-0.12759468
-0.10876361
0.2601965
0.13027339
0.022366952
-0.2320165
0.15003397
0.35964277
-0.27181605
-0.23444907
0.14208883
0.061620265
-0.39477652
0.018712243
0.20615956
-0.083542906
0.12752378
0.07415648
0.17638633
0.08314627
-0.07773761
0.08757869
0.10913292
0.013793191
0.15884078
0.13860708
0.26135498
-0.223527
-0.37981972
0.045721408
0.027451377
0.13369359
0.32839444
0.12417113
0.057720635
-0.16327581
0.32432508
-0.066460036
-0.10878036
0.1495615
-0.10480073
-0.04895464
0.133084
-0.054191537
0.028099941
0.05644487
0.16621847
0.2819852
0.063010484
-0.23467003
0.11788646
-0.019171465
0.047544274
0.1198966
0.10779898
0.41567516
0.12833935
-0.25862703
-0.23536052
0.3399936
-0.34667817
0.14268626
0.35753888
0.091789685
0.13070405
0.24152909
-0.14239874
-0.01839367
-0.31194738
0.31978095
0.18275239
-0.3450194
0.22119547
-0.104665354
-0.0066396953
0.016821187
-0.2647871
0.17845331
-0.0026269446
0.004708699
-0.06643209
0.40745023
0.1407812
0.005715283
0.3477577
-0.15698965
-0.14759688
0.4759769
-0.16910312
-0.20517126
0.3256102
-0.16723433
-0.1276552
-0.24628426
0.20800567
0.22201896
0.10383059
0.065927364
-0.28710368
0.09385452
-0.20247859
-0.4052352
0.40553537
0.2184242
0.4003202
0.25057626
0.30022863
0.25410166
0.11319552
0.1970597
0.074777454
-0.06487899
-0.06578989
-0.01088431
-0.07453372
0.09383849
-0.085172884
-0.030258019
0.05316769
-0.012093191
0.18588135
0.31829032
0.15345295
0.13670763
-0.1495688
0.07940067
0.35374138
-0.101997934
0.25020203
-0.046130206
0.13684155
-0.0059510637
-0.16029906
-0.10635144
-0.04083853
-0.30489925
-0.3252457
-0.15221478
-0.42692855
-0.3933837
-0.0062190555
-0.14725469
0.12130538
0.1279429
0.1581323
-0.023123328
0.071954824
-0.077806965
-0.13327633
-0.015847633
0.15428925
-0.20355828
-0.32607678
0.03906395
-0.29804608
-0.63238764
0.13137689
0.19562875
0.19344865
0.08106623
0.26595172
0.026987009
0.38248977
0.12096648
0.12710294
0.461178
0.09120917
0.13488269
0.08180615
-0.0381116
0.22504991
0.12153565
0.103392355
0.1484832
0.1458479
-0.18179423
-0.39628792
-0.1552715
-0.1789023
-0.032517623
-0.17201535
0.18880452
0.20029847
0.49979728
-0.3510628
-0.005119954
0.05775057
0.049376797
0.5342415
0.20993915
0.17923175
0.20405625
0.060036227
0.04493522
0.026381033
-0.011971139
-0.057879273
0.1391908
0.021449665
-0.08424257
0.07326397
-0.008467767
0.17616673
0.13152032
-0.1444706
0.07658787
0.041754574
0.08406202
0.00285634
-0.25987303
0.09382776
0.053925477
-0.053819686
0.021846123
-0.021326682
0.10900052
-0.08880244
-0.07806648
0.07705496
0.01139912
0.20720086
-0.07968534
0.031063009
0.29734582
0.19333318
-0.4100171
-0.33759546
0.07449674
0.099898845
-0.13110703
0.29785597
0.02746308
-0.10528561
-0.2859772
0.03298824
-0.24790752
-0.59577924
0.003658365
0.0070053204
0.11332455
0.01674204
-0.19128323
0.027737735
-0.08781864
0.124224566
-0.0017200315
0.017895903
0.11966725
-0.30641347
0.09499561
0.06307638
0.09309927
0.038133513
-0.13733757
0.12103495
0.10605669
-0.0012659266
-0.3648667
0.05101921
0.07375558
-0.05514033
-0.26727834
-0.14676052
0.22646752
-0.45767328
0.08551697
0.24707456
-0.20428026
0.19112478
0.022385906
0.22383401
0.17165288
-0.17014022
-0.034378372
-0.07419687
-0.007780737
-0.027153699
0.10000541
0.28195217
-0.29567307
-0.28224123
0.23941362
-0.1430452
0.044166815
0.29797205
0.22622846
-0.13603558
-0.12958254
0.087650225
-0.12609124
-0.10765126
-0.1330839
-0.083206944
0.07890238
0.16883756
-0.007395684
-0.06598739
0.006700924
0.22260353
0.24112688
-0.0135515155
-0.39658546
0.24952665
0.06910198
-0.04786803
0.2033755
0.039328173
0.22102861
0.08656839
-0.098317064
-0.3024475
0.017382266
-0.05385388
0.074609175
0.17263019
-0.012886832
0.10251664
0.10962537
-0.025050897
0.007577575
-0.34358385
0.28849062
0.069971815
-0.19565777
0.1725042
0.21299069
0.20671375
-0.20419568
0.12461855
0.15969837
-0.061142057
-0.27156422
-0.23489651
0.2107167
0.04473256
-0.09334968
0.3430508
0.21465847
0.028467927
0.1170962
0.1394812
0.08644503
0.18193652
0.124160774
0.033583257
0.32612652
0.36054495
-0.207634
0.120706536
0.24560814
0.0019261148
0.1860347
-0.012616536
-0.15563126
0.24265686
0.0015588407
0.25390008
0.13198946
0.14936067
0.058433212
0.33794922
0.22424118
-0.01585274
-0.09828036
-0.19575314
-0.11620562
0.104117215
0.02550362
-0.022118876
-0.16524294
-0.15344228
-0.010481173
0.041833196
0.2498636
0.157371
-0.31753588
-0.08474526
0.27317435
-0.09208991
-0.00474443
0.14141105
0.31397837
0.27313274
-0.010483071
0.08749734
0.3595706
0.106732294
-0.25987768
-0.15954752
-0.0033217487
-0.3120585
-0.18769634
0.05717435
0.04844473
0.22060673
0.099866845
0.0218858
0.2625861
0.12917769
0.0129138725
0.0651666
0.00016354278
-0.053154755
-0.24965982
-0.07460138
0.15453789
-0.30937132
-0.14176238
-0.015297667
0.04510839
0.20053278
0.297649
0.18598428
0.051704627
0.10728453
0.124376506
0.05702416
0.20685215
-0.05636872
0.10967928
0.34230268
0.2721014
0.113569364
0.115887925
0.23774293
0.12563281
0.10263147
-0.046068247
-0.22728848
0.21138602
0.07839479
-0.13167633
0.28786966
0.22355041
0.03814057
0.0021273296
-0.17459811
0.13118777
-0.050591845
-0.0088057425
0.23209664
-0.37801805
0.05159367
0.12645677
-0.06894651
0.042011205
-0.019849868
-0.022436818
0.22374466
-0.095049985
0.14020322
-0.101461984
-0.083760574
