6
10
3
3
-0.25866982
0.2661271
0.68006265
-0.54395396
-0.13089436
0.46665397
-0.4289167
-0.18027282
-0.06707701
-0.73213375
-0.038370274
0.29777232
-1.115179
-0.63907635
-0.37182292
-0.81893915
-0.9187477
-0.92521805
-0.42880318
-0.30088493
-0.073625095
-0.8086507
-0.44975412
-0.03698152
-0.5918629
-0.58867157
-0.29197285
0.6531026
0.699016
0.6285577
0.5768934
0.6625478
0.5578672
0.80233544
0.5011425
0.56132746
-0.1694018
0.484821
0.78951997
-0.8021845
-0.017004859
0.42694312
-0.814165
-0.520573
-0.296894
0.34540173
0.04413277
0.13663638
0.722935
0.51329744
0.4068343
0.64124435
0.68895084
0.5719713
-0.16712101
0.35544825
0.576931
-0.2591562
0.0090806
0.3896069
-0.06059246
0.051769618
-0.059982624
0.41185296
0.26308694
0.39242452
0.5928622
0.37799174
0.50026894
0.5278125
0.52395815
0.60056525
-0.46976417
0.4193431
0.5470394
-0.83065236
-0.10110149
0.24313825
-0.7203402
-0.25147095
-0.17338417
0.4045914
0.487909
0.5357646
0.33939698
0.3923739
0.5978119
0.083358206
0.35371515
0.3492146
0.41392484
0.51468045
0.1836313
0.57491463
0.59612185
0.49116862
0.20586264
0.19564511
0.016579913
0.33740625
0.5186649
0.3484322
0.12842242
0.5328821
0.32154542
-0.28779832
-0.11389864
-0.18072362
0.018932529
0.21411853
0.27870876
-0.051774908
0.29398766
0.32439628
0.028349401
0.21093878
0.38040268
0.08145452
0.20999019
-0.075696185
0.30419722
0.26085496
0.01782339
0.2569976
0.2885366
0.019420153
0.28540447
0.39086303
0.0067879222
0.3457968
0.6067889
0.48462152
0.122497655
-0.04229227
0.052027654
-0.055060375
0.046590753
0.085359834
-0.113164656
0.029958013
-0.09743159
0.13393758
-0.0776677
-0.077606045
0.25899157
0.5497673
0.3848299
0.15371326
0.52914625
0.31843394
0.2550514
0.14789788
0.110228606
0.27520004
0.2204973
0.034001358
0.37015328
0.254736
-0.01340837
0.22492537
-0.05231929
0.027071299
0.3777462
0.4739311
0.2333244
0.4007467
0.6286411
0.4682505
0.02878379
0.19348007
0.053400435
0.2547122
0.18558022
0.1804973
0.18995951
0.19374968
0.17178158
0.16242301
0.2022983
0.2961973
-0.20428258
-0.86932015
-0.7367004
-0.63595265
-1.0947697
-1.1948425
-0.50097054
-1.1758616
-1.1109351
-0.00531432
-0.16633193
-0.22006907
-0.45632944
-0.7389923
-0.52427244
-0.050663296
-0.17554604
-0.19594504
0.44910195
0.576956
0.34184408
0.4842154
0.12764849
0.2688123
0.4345242
0.19649504
0.08329592
-0.8855266
-1.1587678
-0.12942769
-1.4011066
-1.3048127
0.019442631
-1.587891
-0.97754693
0.1892635
-0.045560464
-0.4051879
-0.32948446
-0.57513154
-0.82443297
-0.7318644
-0.50294286
-0.8800331
-0.7360349
0.33626318
0.5009752
0.3514704
0.7134472
0.8097872
0.55091447
0.5327496
0.6429454
0.490018
-0.204138
-0.45920646
-0.64445096
-0.47731304
-0.84750897
-1.03061
-0.4682478
-0.92193055
-0.652738
0.0013850206
-0.0713008
-0.34032053
0.02919282
-0.16927771
-0.37155637
-0.3478358
-0.12262632
-0.20693745
-0.26367825
-0.41239774
-0.47410786
-0.6532588
-1.0065197
-0.71469563
-0.56602645
-1.0616343
-0.80431646
-0.14985597
-0.3844447
-0.44429463
-0.5861363
-0.5529706
-0.30732405
-0.60325253
-0.72286505
-0.64148796
-0.2370415
-0.16459373
0.29376262
-0.6738655
-0.7029063
-0.08250593
-0.5728349
-0.68134797
-0.33139867
-0.6335949
-0.16410191
0.24366947
-0.92488474
-0.8523326
-0.4280197
-0.4602328
-0.35152417
-0.15267183
-0.17650434
0.14238271
0.54212093
-0.09024927
-0.3648588
-0.030583687
-0.22757947
-0.37855765
-0.16671047
-1.7749401
-1.505431
-0.45347166
-2.0114343
-1.7304312
-0.524925
-1.9580239
-1.4986259
-0.61116
-0.51370794
-0.2343234
0.15339844
-1.2594335
-0.96841645
-0.38687044
-1.1411335
-0.803015
-0.618002
0.55323225
0.46302587
0.116272055
0.6873643
0.6652922
0.51398623
0.604571
0.6986653
0.48807082
-0.36079815
-0.48640978
-0.066932224
-0.7268365
-0.8979738
-0.29020247
-0.3858002
-0.6643069
-0.074183665
0.55522925
0.24627344
0.07675806
0.2236835
0.31165338
-0.017510612
0.32689375
0.22848357
-0.09397123
-0.47011596
-0.4524992
0.10470219
-1.228553
-0.9409029
-0.3330975
-0.9946596
-0.787398
-0.31012598
0.10765042
0.08124666
0.26514578
-0.22615716
-0.08309346
0.1766459
-0.10664338
-0.3961554
-0.058482155
0.62905526
0.14749935
-0.28995797
0.49340805
0.07878822
-0.03748928
-0.019386778
-0.15469348
-0.27158237
0.55976903
0.590728
0.31695184
0.3118359
0.30051488
0.46642375
-0.34072614
-0.1977322
0.114644706
0.41608125
0.5937885
0.24034041
0.39584965
0.6069782
0.45528835
0.37422317
0.42896795
0.35825506
-0.11038337
-0.2962539
-0.5007719
-0.050861876
-0.18809077
-0.5100013
-0.2753588
-0.3048358
-0.65389293
0.5269245
0.33413997
-0.016105436
0.40074024
0.15668035
0.041957233
-0.0137744015
-0.041409932
-0.17164034
-0.037186116
-0.05291284
0.04791307
-0.009057172
-0.13081492
0.0025620572
0.23000237
0.0017725317
0.04540756
0.39339224
0.09033896
0.007956514
0.21728396
0.061040975
0.02474617
-0.12809056
-0.36194375
0.019578518
0.099103004
0.047774244
-0.17618425
0.11097319
-0.008584774
-0.44980326
0.06734454
-0.21774265
-0.31713018
0.62403
0.5204137
0.03409254
0.40043458
0.18217295
0.03736995
-0.12997137
-0.05063726
0.06782435
-0.08522214
-0.19470403
-0.24008553
0.0036865007
-0.06329707
-0.20817587
0.035948243
-0.106020026
0.19707622
0.56753147
0.49678224
0.1327344
0.4465779
0.47173163
0.2540833
0.16467947
0.16315262
-0.1053702
0.56562775
0.60301566
0.4128252
0.34998515
0.4733098
0.47980046
-0.38229948
-0.12472951
-0.1211581
0.37476924
0.38085797
0.08538452
0.109816045
0.46434742
0.5133777
0.21047314
0.18542305
0.35278174
0.24499989
0.054972414
-0.20686845
0.18182445
0.051677212
-0.049267143
0.12470499
0.13059041
-0.33131117
0.4242005
0.2369869
-0.10521119
0.4880228
0.50421697
0.2393296
0.055915546
-0.06677878
0.03484084
-0.19225203
0.04247786
0.16242306
-0.08634083
-0.1591354
-0.18130882
0.13032433
0.085415706
-0.12502006
0.22728917
0.4425883
0.17240132
0.24531345
0.3086665
0.39613968
-0.06687822
-0.033605855
0.029310217
0.12646045
0.013612306
-0.10558428
0.21361025
-0.055040505
-0.065996304
0.2895677
-0.094230995
-0.22468916
0.56407624
0.55836606
0.35921928
0.46338478
0.5506844
0.259519
0.036832806
0.23012821
0.061571617
0.17527692
-0.12601137
0.042573113
0.08934107
0.09733869
0.0022770204
0.052038804
0.082458526
0.27541208
