60
-0.032432865
0.021279646
-0.8399661
0.10297653
-0.08539824
0.27800965
0.30125654
-0.16762686
-0.5350595
0.57984596
-0.4027568
-0.19194865
-0.24677804
-0.47026604
-0.44286883
-0.13399804
0.54481816
-0.13354117
0.7219004
1.0211194
-0.0013567309
0.15845749
-0.4202929
-0.0023331651
-0.010945794
-0.62971234
-0.010218978
-0.044667922
-0.018841404
-0.010008394
0.25130224
-0.36994365
0.58780396
-0.10611358
-0.28267276
0.07275512
0.18438923
0.21273011
-0.37395027
-0.16205771
0.23611951
-0.3020178
-0.14634542
-0.01921615
-0.590557
0.6579514
-0.032484375
-0.12969635
-0.2762081
-0.36833405
0.14096296
-0.00606658
0.41186
-0.39208055
-0.051252622
-0.098696806
0.86880815
-0.30366632
0.9885002
0.11021937
