60
17
2.5085623e-33
2.7980591e-33
4.1155644e-33
-2.2775655e-33
2.4950597e-33
2.036949e-33
-2.2489246e-33
3.8025597e-33
-2.7403651e-33
1.5417639e-33
8.5141056e-35
-3.4573434e-33
-2.9284935e-33
-1.9926617e-33
2.498518e-33
-1.6706655e-33
-1.4056455e-33
0.0011813974
0.0008462041
-3.5783157e-07
-0.0044255615
-0.0026041109
0.0043051103
0.0071134237
-3.7139637e-07
-0.0012463059
0.0049027596
-3.900077e-07
0.0037480684
0.0015712795
-0.0054984
-0.00018977752
-3.998192e-07
-0.0054084486
-6.510618e-11
1.5602076e-33
-1.063436e-10
7.2518666e-17
9.888651e-18
6.5464165e-13
-2.9096372e-33
-1.4797365e-13
-2.7260812e-33
3.2965762e-33
-3.546349e-33
-9.448021e-22
1.292757e-24
4.0054312e-33
-3.251485e-33
1.9866557e-13
-1.4761478e-33
0.017488688
-0.0028849456
2.099922e-06
0.0143441325
0.0011071552
0.02245376
-0.0037084646
2.1772998e-06
-0.0061789425
-0.015716078
2.3115954e-06
0.0017570498
0.011170421
-0.0059477766
-0.0050188797
2.7037934e-06
-0.0016814043
0.04668847
0.009448542
-2.9888142e-05
-0.028134404
0.06096657
0.026920332
-0.012641614
-2.9871597e-05
-0.033203416
-0.03822589
-2.9818779e-05
0.015497727
0.005397606
0.06346229
-0.023617946
-2.952229e-05
-0.028966954
-0.00539993
-0.013811637
-9.212805e-05
0.013936553
-0.0150486585
0.057684045
-0.027615407
-9.1854716e-05
-0.012249331
-0.047685258
-9.138754e-05
0.0043415385
-0.044164002
0.046343856
-0.04035853
-9.002355e-05
0.10562599
0.039672453
0.02702476
3.0129491e-05
0.08786428
0.054819502
0.027342997
0.017622111
3.0065043e-05
0.02942581
-0.060441986
2.992807e-05
-0.032159343
-0.04481873
-0.047145776
-0.05383302
2.9385628e-05
-0.023659553
2.2820186e-33
1.8642178e-33
-1.7336426e-33
2.0520474e-33
-2.1994805e-33
1.9825803e-33
-2.0576086e-33
4.3340653e-33
1.32000485e-33
2.0640046e-33
8.83005e-09
2.0138117e-33
2.0537163e-33
2.2688744e-33
2.1023849e-33
-2.7940134e-33
-1.2429094e-33
2.7879576e-33
-2.6046681e-33
3.09396e-33
2.6911145e-33
-1.9314814e-33
2.758722e-33
-2.8529858e-33
-4.875116e-33
-2.0788891e-33
2.6282483e-33
-8.9299955e-34
2.7675749e-33
-2.7228356e-33
2.5960567e-33
2.2737279e-33
4.430732e-33
-2.4628249e-33
-0.012182802
0.07085925
-0.00014933602
0.039392322
0.02369008
-0.046155162
0.0085877925
-0.0001485859
0.11013053
-0.06116568
-0.00014727985
-0.022457698
-0.017831838
-0.01262153
-0.02506024
-0.00014336775
-0.032276995
-0.015418182
-0.013860048
-2.8157738e-05
0.038811352
0.041680764
-0.0409698
0.0012093924
-2.79509e-05
0.0033981504
-0.016046569
-2.7613918e-05
0.024155492
0.05190973
-0.021847378
0.0011663835
-2.6754433e-05
-0.03147004
0.017419588
-0.046707217
-1.6408512e-05
-0.035705034
-0.024573587
0.013311805
-0.025230298
-1.6439228e-05
0.13673437
-0.042067125
-1.6493757e-05
-0.0154121965
0.0019000204
-0.005831085
-0.040378034
-1.6657363e-05
0.06755273
2.210331e-33
-2.1315208e-33
4.0719947e-33
1.9783074e-33
2.2542384e-33
2.1259666e-33
-2.0230118e-33
4.0328743e-33
2.265762e-33
2.2169812e-33
4.242359e-35
2.190163e-33
2.2130204e-33
2.134906e-33
2.241724e-33
-1.7177616e-33
2.0876807e-33
0.045015994
-0.032323334
-8.918693e-05
-0.007220743
-0.034503423
-0.020337896
-0.04739303
-8.9058754e-05
-0.014710284
0.03758241
-8.8855275e-05
0.053084385
0.048423734
-0.031669892
-0.023190742
-8.838175e-05
0.07575851
2.3637191e-33
-1.5313777e-33
-6.531693e-34
-2.234202e-33
2.2283165e-33
2.3502074e-33
1.653548e-33
1.1292945e-33
2.1224302e-33
2.1152971e-33
1.3855208e-13
-2.3996419e-33
2.2377693e-33
2.5484817e-33
-2.0212552e-33
2.1160955e-33
2.5478954e-33
0.032068267
-0.0072647077
-3.1384057e-05
0.055683058
-0.025092619
0.08594064
-0.049369905
-3.121192e-05
-0.0049648117
-0.022011314
-3.0938387e-05
-0.0162964
-0.007947153
0.010966163
-0.02240184
-3.0259143e-05
-0.005105467
0.00085795164
0.0011012722
2.5439982e-07
-0.00056727044
-0.00024256013
-0.0018230963
0.0013215537
2.4718724e-07
-0.0005161313
-0.001421409
2.3217679e-07
-0.0026069754
-0.0023633467
0.0014848552
-0.0019811841
1.8047425e-07
-0.0001915048
2.1462394e-33
2.0575844e-33
2.58808e-33
2.0464866e-33
1.6742493e-33
2.1575556e-33
2.2079237e-33
4.1884333e-33
-2.0292482e-33
2.1886066e-33
2.5724753e-33
1.9987661e-33
-2.1310818e-33
2.7848133e-33
-2.1053438e-33
3.5588914e-33
-2.0790407e-33
0.08304219
0.057295043
-3.9930663e-05
-0.00035719966
0.050102286
0.07149334
0.09197751
-3.9489994e-05
0.056368664
-0.07285685
-3.879666e-05
-0.040474795
-0.0047862967
-0.069970585
-0.03519749
-3.711972e-05
-0.05516523
0.005859521
0.0012632305
-1.7504939e-05
-0.0031537644
-0.009480826
-0.001948078
-0.016708374
-1.6753562e-05
0.012526389
0.023355883
-1.5525122e-05
-0.016435
-0.016967533
-0.028303158
-0.0025030347
-1.2302074e-05
0.05488424
4.2534584e-34
3.5160634e-33
9.9239935e-34
3.4947298e-35
-1.2127151e-33
8.005066e-34
-3.665116e-33
-3.748105e-33
-8.098978e-34
8.480666e-34
-1.979221e-33
-1.487508e-33
-3.7209275e-33
2.216777e-33
-6.744665e-34
-3.7230375e-33
6.644836e-34
0.013972751
0.05224781
-2.2954437e-06
-0.0038314483
-0.015005146
-0.0014518906
-0.03427561
-2.1282744e-06
0.0051528835
-0.006253402
-1.8667903e-06
0.0018052292
0.003972218
-0.0084983315
-0.010594052
-1.2243105e-06
-0.009167247
-2.5339797e-33
-2.4123e-33
4.5386836e-33
2.749831e-33
2.2948862e-33
2.4076657e-33
2.2832644e-33
4.7427377e-33
-2.3346607e-33
2.224609e-33
3.5397132e-33
2.2965354e-33
2.3253352e-33
2.5213303e-33
8.897954e-34
3.776352e-33
2.5073506e-33
-2.598822e-33
-2.2068086e-33
-3.8410806e-33
2.5495387e-33
2.178877e-33
2.339037e-33
-2.148949e-33
3.5606077e-33
-2.1972888e-33
2.437036e-33
2.193784e-33
-2.581796e-33
-2.5183534e-33
2.5263502e-33
1.6374508e-33
-2.7725327e-33
-2.3984454e-33
-3.2083263e-33
2.3617645e-33
2.6040139e-33
3.0511708e-33
-2.5265769e-33
2.8590423e-33
-2.5902652e-33
5.0887973e-33
-2.498988e-33
-2.7676823e-33
5.5368252e-33
2.974748e-33
3.0911494e-33
2.945744e-33
1.6722248e-33
-2.9523422e-33
-1.8247647e-33
0.033565145
-0.05321837
-8.011386e-05
0.08256992
-0.0070303823
0.01595659
-0.00806853
-7.964523e-05
-0.023591325
-0.01646946
-7.881821e-05
0.08876375
0.0050521307
-0.07208552
0.022699872
-7.628229e-05
-0.027487312
2.8650384e-33
2.9719704e-33
-3.9364828e-08
2.0577537e-33
-2.1803585e-33
-5.24189e-33
-4.050688e-33
1.0158587e-07
4.8425944e-33
2.6499911e-33
-2.3230732e-11
2.7346034e-33
-2.5235059e-33
-2.6429499e-33
-2.0139778e-33
-2.0840373e-15
-2.7266005e-33
-2.0810954e-33
2.555117e-33
-1.0009099e-33
-1.8619814e-33
-2.8564212e-33
-3.175226e-34
7.494604e-34
-1.2699394e-33
1.1667207e-34
-3.0953806e-34
-1.9417256e-33
2.0495227e-33
-1.3355684e-33
1.8535472e-33
-1.6239447e-33
4.0307878e-33
-3.9114887e-33
-2.4005606e-33
-1.4953117e-33
2.6617614e-10
-1.9797027e-33
-6.3120984e-34
1.6767938e-33
-1.6169503e-33
-4.2253262e-33
-2.1604517e-33
2.0460576e-33
3.9085775e-33
1.8841472e-33
2.3623581e-33
2.18032e-33
1.7470436e-33
-4.8853545e-34
1.8807326e-33
2.6346307e-33
2.2351527e-33
-4.1881512e-33
2.8073948e-33
-2.1737554e-33
2.8452685e-33
-2.5553297e-33
4.1650233e-33
1.9785074e-33
-2.3021789e-33
4.0781778e-33
-2.8156984e-33
2.5494698e-33
-2.625258e-33
-2.4292713e-33
3.1735996e-34
-2.2768602e-33
0.0004974712
0.003084736
-1.3547813e-05
0.0007059987
-0.0042670746
0.0014124386
-0.011520404
-1.32080495e-05
-3.6468544e-05
-0.000654833
-1.2765913e-05
-0.0029431176
0.0018399047
0.0026544526
0.0005703944
-1.2535573e-05
-0.001610562
-0.0118158525
-0.007114011
-6.561464e-07
-0.008275812
-0.0029983239
0.06194565
-0.010477728
-6.9833226e-07
-0.0052388394
-0.00450822
-7.544803e-07
-3.2677006e-05
-0.008541816
0.0031363552
-0.0010053668
-8.2340966e-07
-0.0024033836
0.020343857
0.0186529
-6.170792e-05
0.043818593
-0.026273636
-0.01901932
0.037472725
-6.138177e-05
-0.007380067
0.012407425
-6.083184e-05
0.015721707
-0.01636749
-0.00405383
-0.020769453
-5.9276023e-05
-0.00546888
2.182807e-33
-6.4934974e-34
3.6037307e-33
1.8544022e-33
1.5104926e-33
1.9484763e-33
-1.8258612e-33
7.4169285e-34
-2.765337e-33
-2.2621445e-33
-3.6293388e-33
2.1622087e-33
2.1658919e-33
2.2339365e-33
1.854465e-33
-2.3344142e-34
-2.23896e-33
2.303632e-33
-1.8664534e-33
-2.3050621e-33
-2.4863546e-33
2.2443927e-33
-2.4521999e-33
1.8072193e-33
-5.170177e-34
1.6309901e-33
-2.3302993e-33
2.102454e-33
-2.5105606e-33
2.2970269e-33
2.3110895e-33
-1.732017e-33
-1.1472737e-33
-1.9091446e-33
0.0034559914
0.0024489101
-1.13382626e-07
-0.0028080018
-0.0028635021
0.0033180777
0.00050498446
-7.713376e-08
-0.0017263014
-0.00070309767
-1.5758417e-08
0.0027997992
0.002969749
0.000111045636
-0.002367347
1.4662552e-07
-1.3968525e-05
-0.003910681
0.0016246578
-2.5049202e-11
0.0047577266
0.004786498
0.00083811354
0.0014352108
-2.522603e-11
0.0023058376
0.0024370495
-2.4923258e-11
-0.00014615127
-0.0045365943
0.00086224143
-0.00947716
-2.0611264e-11
0.00074720656
-0.006096675
0.1170392
8.577913e-06
-0.0031262767
-0.021266744
-0.0130990725
-0.033243276
8.6236e-06
-0.038934954
0.14661124
8.680627e-06
-0.026044957
-0.032734197
-0.007812504
-0.027207537
8.734803e-06
-0.044980448
2.2965837e-33
-1.726644e-33
-3.7156436e-33
-1.4368653e-33
-1.6446027e-33
1.4648775e-33
-2.249286e-33
-2.0832228e-33
2.3571672e-33
2.2464959e-33
-1.4003488e-33
2.1442767e-33
2.151364e-33
2.1991473e-33
2.1226897e-33
-5.807853e-34
2.1576072e-33
-0.032629408
0.11234859
-4.6745827e-05
0.036526456
0.0011144924
-0.028084226
-0.0469661
-4.68082e-05
-0.020444596
0.15426114
-4.6926187e-05
0.00797579
-0.026394362
-0.031069454
-0.036829453
-4.73322e-05
-0.06421486
-0.0026819208
-0.041794028
-0.00012501767
0.001569001
-0.0052852454
-0.029460488
-0.05308691
-0.00012422603
-0.009481108
0.02631153
-0.00012296393
0.0020307212
-0.016278017
0.006204614
0.083257645
-0.00011982957
0.04004053
3.0478967e-33
2.8489226e-33
-1.4847669e-34
-2.2361622e-33
2.8261182e-33
2.7884034e-33
2.8812678e-33
1.855941e-33
-2.9423827e-33
-2.5902745e-33
-1.3821798e-07
-3.026092e-33
-2.8889127e-33
3.0001878e-33
-3.9037455e-33
-3.3888327e-33
7.31627e-35
-3.558719e-33
3.399582e-33
-5.6440774e-33
3.0969868e-33
-3.2600782e-33
3.155532e-33
3.0155917e-33
4.7582563e-12
3.2518156e-33
-3.2485955e-33
6.1912876e-33
3.2294367e-33
-3.1870385e-33
-2.7672035e-33
-2.6256097e-33
5.9569763e-33
2.7437171e-33
2.679125e-33
2.8876204e-33
3.087618e-33
2.491898e-33
-2.549622e-33
2.7322559e-33
2.4198512e-33
5.359314e-34
-2.2860448e-33
-2.2247906e-33
-1.8796155e-33
2.4750267e-33
-2.625689e-33
2.4577036e-33
-1.6102682e-33
-4.7078666e-33
-2.0911786e-33
0.01543888
-0.013240301
-1.7738144e-05
0.0009987085
0.100793265
0.06814716
-0.044018492
-1.7666294e-05
-0.035202347
-0.014619176
-1.7569138e-05
-0.0143810455
0.052756045
-0.0062903576
-0.040705375
-1.7422804e-05
-0.046603706
0.0507906
0.08300573
-0.00010993084
-0.047752634
-0.04674816
-0.003480578
0.046976253
-0.00011108675
-0.030852864
0.016451474
-0.00011294475
-0.031129604
-0.05186527
0.033563357
-0.02341865
-0.00011766359
-0.02678575
-1.9762303e-33
3.2528875e-33
1.9004834e-33
-2.0275235e-33
-2.85712e-33
3.47806e-33
3.332676e-33
-6.8953176e-34
1.5803533e-33
-1.6227554e-33
-9.732946e-34
1.6767231e-33
-1.2370593e-33
1.7470157e-33
1.6123024e-33
-1.7869924e-33
-3.250397e-33
3.224543e-33
3.306896e-33
1.4541688e-33
-3.6433933e-33
-3.1959748e-33
3.4327032e-33
3.2857102e-33
-4.502073e-33
-3.466442e-33
-2.8290683e-33
1.750558e-33
3.1378396e-33
-3.0993925e-33
3.117289e-33
-2.8805596e-33
4.3954026e-33
-3.2867267e-33
0.065616384
-0.10091998
-0.00016470617
-0.036861762
-0.06405193
-0.04862297
-0.050338835
-0.0001639983
-0.044996582
0.05611716
-0.00016287876
0.03307871
0.060277473
0.08052217
0.033152632
-0.00016012657
0.023415776
2.5973095e-33
-4.3875635e-33
-1.3131212e-33
2.6050874e-33
-2.4626234e-33
2.584927e-33
2.5223668e-33
-8.573644e-34
1.25631115e-33
2.4785853e-33
-3.3446223e-33
-2.203898e-33
2.604085e-33
2.307439e-33
2.5305844e-33
2.2099294e-33
-2.8847166e-33
0.09740857
-0.021312566
6.260212e-06
-0.008905562
-0.0054541877
0.016730094
0.010366479
5.5859564e-06
-0.0094256
-0.03003566
4.419053e-06
-0.02111194
-0.01782466
0.0095119495
0.003386595
9.750038e-07
-0.012812984
-3.170622e-33
-3.1974835e-33
-1.7038556e-33
1.4253833e-35
3.4075182e-33
-3.0094661e-33
-2.5851854e-33
-1.5332284e-12
3.3334687e-33
-2.2934238e-33
2.3249162e-33
2.6078605e-33
2.2937269e-33
3.318962e-33
1.562874e-33
-3.491806e-33
-2.3846473e-33
-0.047404047
-0.03245969
-9.110431e-05
-0.034239784
0.018286824
0.005455643
-0.004870438
-9.04828e-05
0.021763716
-0.009742394
-8.948854e-05
-0.025971912
0.028917713
-0.064225994
0.07436774
-8.698862e-05
0.06504437
0.05821308
0.009421276
-5.7200186e-06
-0.016759375
0.08504222
-0.014299171
-0.01884181
-5.630903e-06
-0.0061451895
-0.032585297
-5.4813236e-06
0.016892185
0.08542806
-0.022600807
-0.014370159
-5.074847e-06
-0.016262345
2.1703813e-33
-1.9196186e-33
-2.4439703e-34
1.9672344e-33
2.2981574e-33
1.8717463e-33
2.2974804e-33
-2.2594765e-33
-2.0245484e-33
1.8405602e-33
-1.2031949e-33
2.0364755e-33
-2.0366279e-33
-2.2946473e-33
-5.6271337e-34
-2.9203115e-33
-2.6821822e-33
2.3090592e-33
1.598826e-33
-2.1855261e-33
2.0882574e-33
2.0246175e-33
1.8911035e-33
1.9035843e-33
2.9490567e-33
-1.8131666e-33
1.8302476e-33
-2.240069e-33
1.9747466e-33
-2.3471575e-33
1.8954529e-33
-1.7785687e-33
-4.0143132e-33
-2.061465e-33
0.01608423
-0.063698106
-9.197184e-05
-0.0035385066
-0.040972717
0.012282712
0.11936479
-9.152924e-05
-0.028837686
-0.031027937
-9.082022e-05
-0.024631787
-0.022648985
0.008576994
0.13410796
-8.9035595e-05
-0.07367316
-0.021239597
-0.032296453
-0.0001022285
0.047370665
-0.0402063
0.072990045
-0.031983946
-0.00010078218
-0.029512635
-0.024397096
-9.8447665e-05
0.09326229
-0.04418396
0.085929394
-0.027517848
-9.2520175e-05
-0.034371085
-0.08275662
-0.04899136
-3.8055918e-05
0.030540379
-0.0022697852
-0.015302162
0.106596835
-3.8094608e-05
-0.005667173
-0.026015343
-3.8154718e-05
-0.009176163
-0.019169949
0.027505098
0.0240176
-3.8268005e-05
-0.0028293866
0.0010073946
0.0058456664
6.0885536e-06
-0.060383156
-0.015435577
0.08395699
-0.010014717
6.461459e-06
0.0032131479
-0.008605659
7.01838e-06
-0.018568404
-0.01686161
0.05323982
-0.0048512663
8.133336e-06
-0.015987126
