3
6
5
5
0.299608
0.25623766
0.38119298
0.5797992
0.43317863
0.48122942
0.27654833
0.42794698
0.54704005
0.5049097
0.33008397
0.38880432
0.4633533
0.45351478
0.31989154
0.40061525
0.49961025
0.5412947
0.4843783
0.49216947
0.26973975
0.14865907
0.45190048
0.52727133
0.3910185
0.23282021
0.015569415
0.07983901
-0.31272697
-0.4556104
0.66468513
0.4354414
0.22445819
0.24829724
0.04004278
0.7556928
0.5945275
0.7038183
0.60061437
0.28755385
0.6651535
0.51921755
0.49093223
0.50456506
0.16100241
0.39571053
0.18323393
0.21273513
0.1233705
0.097604424
0.23454781
0.098019056
0.120603755
0.061892267
0.11177053
0.14507052
0.18689354
0.27862737
-0.003139658
0.14090334
0.4274171
0.26523486
0.31337774
0.17824385
0.28328654
0.15862538
0.026832614
0.17166068
0.030722471
0.019012176
-0.18463445
-0.17437638
-0.15542935
-0.14045013
-0.13061404
0.44393465
0.11193851
0.20095414
-0.09952354
-0.09939223
0.18112138
0.08290301
0.03240469
-0.09432347
-0.011935157
0.28965807
0.19201812
-0.043904938
0.06637225
-0.09197112
0.54404193
0.4737862
0.2274433
0.15328592
-0.054558605
0.5560461
0.26158845
0.4125154
0.22535148
0.044210885
-0.03382327
0.022761216
-0.2579745
-0.02100138
-0.358587
0.10720087
-0.016521176
0.10354639
-0.09318813
-0.15286519
0.15413903
0.08260017
-0.022683147
-0.18535812
-0.09391791
-0.009526054
-0.06668244
-0.0007609595
-0.07190755
-0.0491997
0.108583316
0.09857357
-0.046852976
0.011470066
-0.19743991
-0.018905204
-0.101873204
-0.17793311
-0.23416747
-0.19169821
0.11689558
-0.097585596
-0.17043892
-0.12239713
-0.30344486
0.10483647
-0.1431233
-0.06538508
-0.07525085
-0.12393474
0.01730844
-0.09034448
0.10888549
0.06679344
-0.1614823
-0.042193368
-0.022452641
0.058675382
-0.0091638835
-0.11031537
0.30827126
0.42901027
0.49956796
0.5436826
0.28944936
0.20995581
0.38996512
0.48531467
0.56460196
0.39544654
0.30911353
0.44824526
0.4287624
0.6706802
0.65047187
0.33299932
0.30317184
0.45325333
0.49515536
0.5924401
0.22679667
0.18739861
0.3051778
0.3964888
0.385356
0.91932607
1.1001103
0.998977
0.84855705
0.5032862
1.6559968
1.8285514
1.8023331
1.56521
1.0633625
1.571021
1.8583921
2.0881653
2.0315742
1.4587005
1.2598569
1.54134
1.6708614
1.8165197
1.3976068
0.6807425
0.7826958
1.0277011
0.9747936
0.95730954
0.68250585
0.75646156
0.85836667
0.96558905
0.81955683
0.78096503
0.9849771
1.2027961
1.256403
1.1490963
0.8139117
0.8190254
1.2615902
1.1924044
0.9935321
0.40740085
0.66201854
0.9037314
0.7651783
0.80995655
-0.012873768
-0.007230597
0.18531421
0.36349034
0.47881114
0.26331192
-0.16188033
-0.298288
-0.7414564
-0.85550785
0.2253494
-0.05187966
-0.2865996
-0.69099116
-0.6809203
0.4412123
0.077771395
-0.074679404
-0.30388778
-0.5634712
0.54008585
0.27752578
0.020990891
-0.24124661
-0.33732203
0.40740794
0.33810917
0.13319409
0.036647197
-0.10351195
-0.015799366
0.099334694
-0.056242637
-0.18798912
-0.14268342
0.15432824
0.082934104
0.0413055
0.11495942
-0.10560323
0.20777279
0.33573908
0.21990094
0.05675068
-0.00873923
0.21930903
0.27090585
0.095510006
-0.05600246
-0.048045482
0.2997372
0.097657606
0.1431228
0.020793857
0.034510624
0.038542315
-0.026278825
-0.30008072
-0.25227407
-0.18476175
0.06341592
0.049045138
0.21720843
0.07772886
0.0016771948
0.13744713
0.124608025
0.156231
0.07371887
0.17282887
0.2058831
0.21024638
0.23019508
0.16493884
0.08417354
0.065584265
0.16839156
0.061870094
0.08157237
0.09775467
-0.07870008
-0.19343166
-0.04281495
-0.0450092
-0.17493719
-0.026819784
-0.14205867
0.01862225
-0.22327165
-0.07205228
-0.11035888
-0.012812443
-0.17987561
6.571579e-05
0.03836525
-0.06289
-0.17019057
-0.18946904
-0.15459274
-0.085132
-0.13242675
-0.1852569
-0.1504037
-0.18186578
0.061525594
0.4094958
0.4677423
0.26196018
0.1720153
-0.37355894
0.90072066
0.84657454
0.8569055
0.64960957
0.3390205
1.0686984
1.0421778
1.1597611
0.86016816
0.52505964
0.7327789
1.0463432
0.7164034
0.7706128
0.52949846
0.2104863
0.51813555
0.540449
0.2894658
0.19261625
0.45797676
0.50493544
0.42046416
0.287911
0.30471015
0.6659742
0.71920323
0.7539153
0.8073016
0.5564684
0.56502944
0.59103453
0.80139774
0.72702867
0.86363506
0.4838448
0.565328
0.46019188
0.6318404
0.5145428
0.10805726
0.17419222
0.23841707
0.14555992
0.23992884
0.012694616
-0.08559318
-0.2553735
-0.50486064
-0.5207321
0.057447106
0.1663711
-0.2504971
-0.40216947
-0.45907268
0.28327966
0.2542053
0.0019433653
-0.3788702
-0.30638632
0.3475557
0.2892019
0.12809008
-0.044544667
-0.28262922
0.40463632
0.44530854
0.35932708
0.11129056
-0.0564941
0.45357665
0.43643373
0.3937462
0.3470019
0.14552332
0.5155915
0.46311355
0.54067236
0.42088926
0.3294095
0.6547282
0.5258564
0.6174888
0.48860452
0.23080893
0.5990842
0.71183544
0.53637147
0.55534387
0.33495837
0.5971202
0.6630904
0.6336683
0.5515767
0.3439453
0.41839656
0.27746642
0.3530225
0.09823147
0.13637082
0.47690985
0.4331979
0.5311215
0.3150965
0.29594126
0.47626448
0.63156277
0.61127424
0.54173476
0.2614918
0.57414794
0.6756747
0.4583742
0.47694892
0.43327776
0.45251802
0.3600075
0.6104527
0.542668
0.37621376
