10
14
3
3
-0.37994188
-0.24764857
0.07339237
-0.11597703
0.1482776
0.010309951
0.33948395
0.17964187
-0.17955427
-0.0623091
0.096865855
-0.11268804
-0.17143549
0.36159077
0.17925473
0.28114054
-0.19348297
-0.16295914
-0.00034081485
-0.27202967
-0.22184266
0.26489013
0.0032212331
-0.04356823
-0.1623115
0.011594895
0.08939857
0.1776933
0.09485665
0.026979446
-0.089231424
-0.38791206
0.020442069
-0.02866703
-0.21941529
-0.47996354
-0.36793134
-0.30615517
-0.3167056
0.14174068
0.26209396
0.15451628
-0.27019477
0.056968242
-0.06716525
-0.64666027
-0.1473474
0.23782696
-0.2491902
-0.17408879
-0.056439675
0.07738597
0.49161133
0.17510866
0.018993432
0.10536922
0.14214107
-0.027723838
0.19882657
-0.2151049
-0.41268617
0.05515004
0.096905306
-0.17732751
0.24891248
-0.04253686
0.20201309
0.29725245
-0.029421829
-0.07443085
-0.031218698
0.13893682
-0.07812555
-0.08553361
0.01036058
0.18371655
0.11593945
0.20209712
0.044395868
0.011548698
0.06664295
0.02910028
0.05343317
-0.106289685
-0.10813888
0.05767518
0.20766303
-0.13395399
-0.15578362
0.016451126
-0.023957944
0.096172474
-0.502827
-0.20526426
0.17919162
0.15691581
-0.19328777
-0.20434685
-0.026993345
0.0016318464
0.14559188
-0.39783677
-0.23526992
0.008142848
-0.367538
-0.024146156
0.14697972
-0.13556069
0.15876867
-0.13886335
0.19298421
-0.054566696
0.19529612
0.21274489
-0.099710435
-0.111337684
0.22136272
0.21025488
-0.2035394
-0.12023505
0.033981416
0.09304947
0.0881659
-0.15463099
0.0662613
0.045855757
-0.4492041
-0.158244
0.41894823
-0.4252142
0.098942384
0.20708567
-0.44324827
-0.008797711
0.3320286
-0.18949474
0.12561843
0.007655975
-0.22646542
0.08643588
0.060312536
0.24856336
0.092090614
-0.19393063
0.022418803
-0.024917427
0.22272193
-0.12114007
-0.028392635
0.11526957
0.1310348
-0.21471019
0.26688126
0.12553874
0.09489622
0.3197625
0.14444505
0.0065132794
0.1920987
0.14579946
0.14309256
0.07407411
-0.07399279
0.048713755
-0.06564112
0.14684613
0.16756764
0.06948139
-0.025252448
0.14161497
-0.14930595
-0.063019924
-0.20629427
0.16496563
-0.115390204
0.052332353
0.1470524
-0.0005826351
0.0032671725
-0.023161484
-0.028999297
-0.057031825
-0.037743013
-0.21957108
-0.030599164
0.13280141
-0.03209198
0.27781385
0.2834293
-0.1007639
-0.08394213
-0.07129324
0.003281404
0.0048724804
-0.21614276
-0.2054286
-0.1819918
-0.005796398
-0.019687803
0.08016651
-0.086196326
-0.0015008987
-0.19881366
0.010397489
-0.09127047
-0.3580677
-0.18463227
0.52851814
-0.13129358
-0.0822675
0.46750233
-0.1753164
-0.24052759
0.37759596
-0.19596133
-0.41833073
0.42085022
0.15153357
-0.015147582
0.12750527
0.009514539
0.17741935
0.22287628
-0.124157496
-0.040289488
0.13612221
0.20636441
0.13317348
0.16886377
0.1880881
0.18918973
0.14119904
0.11458354
0.21832947
-0.33463618
-0.15462968
-0.16711704
-0.32135546
-0.24318211
-0.25240183
-0.42445534
-0.31218487
-0.058843408
0.09394913
-0.15846951
-0.13792123
0.042015046
-0.13333966
-0.041019205
0.0862716
-0.08478837
0.05353836
0.06148599
0.039810006
0.062711515
-0.106735185
0.028536076
-0.031957936
0.048221063
0.095718704
0.06465577
0.052378364
-0.09043255
0.003218164
-0.11777345
-0.024263253
-0.096031405
0.05480158
0.012749686
0.15777399
0.13386182
0.19589971
-0.09897962
0.00049944635
-0.11575546
-0.056571476
-0.051489715
-0.11448157
-0.032407496
0.0948343
-0.07711067
0.031859078
-0.01757216
0.010798167
0.009514847
-0.025521403
-0.064688146
-0.14229001
-0.025577208
-0.042897448
-0.05579362
0.0027566464
-0.02127721
0.043872688
-0.08080264
-0.027415182
0.10750435
0.10644618
0.06411279
0.15430884
-0.07599778
-0.010153375
0.053318985
0.042860396
-0.1055539
-0.07970731
-0.18849039
-0.0075702257
0.029705793
-0.08659898
0.01595719
-0.09024279
-0.029136358
0.026686387
-0.08047978
0.05793156
-0.0058579603
0.02166531
-0.028572386
0.14927424
-0.03799827
-0.10308581
0.08795844
0.036103226
0.010446869
-0.033215087
-0.058391653
0.1458398
0.05201353
0.09346784
-0.09197432
-0.004286192
-0.0049132146
-0.051785056
-0.014144405
0.09732619
0.022546772
-0.11754872
-0.037726186
-0.08870397
0.023351507
0.097558275
-0.0063094026
0.020741317
-0.15955539
0.17015296
-0.0081920475
0.10836046
0.07767211
0.10258347
0.02482531
0.09715771
0.18890877
-0.010858973
-0.036665887
-0.012647579
0.07424324
0.08211928
-0.14054506
0.19513571
-0.1650568
-0.08186008
-0.11336593
-0.060506213
-0.15312569
-0.026846234
0.03593094
0.046296306
-0.09273614
0.14962943
0.049459245
-0.1313232
0.004431142
-0.0035407785
-0.18913111
0.042179905
-0.14904761
-0.15323746
-0.26449075
-0.06178698
0.039248705
-0.0066044815
0.20361683
-0.19974032
0.07711031
0.11443452
-0.04932176
-0.10943826
0.2211177
0.1455102
-0.03042588
0.2822416
-0.09793921
0.20092216
-0.25387132
-0.31926277
0.19924328
-0.20587169
-0.047769375
0.24068376
-0.15006474
-0.12886417
-0.011490778
-0.20102222
-0.04281778
0.04688131
0.059108153
0.14802654
-0.10071318
-0.21204063
-0.029115558
0.0975551
-0.13759038
-0.3091294
-0.05298033
0.1397286
0.097680494
-0.02003255
0.15628994
-0.029229375
-0.003808041
-0.081989996
-0.16261294
-0.42314497
0.071446076
0.15614295
-0.059114296
0.08469476
0.17958637
0.14056963
0.20483936
-0.07234079
0.019324861
0.18609364
-0.13048619
-0.06868678
0.16751155
-0.1025289
-0.2551062
-0.03476644
0.0036480483
0.13209344
0.07925888
-0.18039769
0.051848486
0.17834425
0.06554405
0.07004275
-0.10788884
0.031903826
0.13878922
0.20141193
0.02867442
0.0980815
0.018929722
0.05322713
0.03649042
-0.0804397
0.14096175
0.015719991
0.11320083
0.17941587
-0.1537091
0.19045714
0.09965415
-0.056894917
0.02698704
0.22960982
0.05688811
-0.0039532185
-0.21514155
-0.049120508
0.03682734
0.1511752
-0.025358647
-0.023671608
-0.07049752
0.056422617
0.028160209
-0.2731428
-0.13379513
-0.08310058
-0.2897439
0.017808901
-0.089094914
-0.06818335
0.09942164
0.091643766
0.113998294
0.072132565
0.29620832
-0.026396105
-0.0016934011
0.17351891
0.03730369
0.34498328
-0.09813018
-0.0774083
0.14690886
0.1363287
0.108147256
0.06805221
-0.12847617
0.27460155
-0.5268488
0.052892916
0.37594014
-0.247484
0.11018373
0.22715215
-0.22321256
-0.028211195
0.21428707
-0.06140475
0.2043258
-0.060283974
-0.03324558
-0.041927166
0.044603687
-0.036826167
-0.07139932
0.021164194
0.06150811
-0.034802396
-0.24741659
-0.14733247
0.12887457
-0.07494924
0.03715519
-0.024766978
0.18134557
0.13368712
-0.041163366
0.12289221
-0.04041014
-0.15774634
-0.15183617
0.063026674
-0.08209141
-0.31756493
-0.005828258
0.26540467
-0.106111385
-0.02003822
-0.008599475
0.10354555
0.0037253068
-0.16079436
-0.09588569
-0.14765702
0.064660646
0.20617649
0.07642355
0.34420604
-0.19097984
-0.020727936
0.15793583
-0.27616996
-0.07822051
0.09788897
-0.011329672
-0.08197862
0.094608195
0.17629208
-0.09841665
0.11195024
0.13427216
0.23092027
0.13000661
0.025732273
0.054012775
-0.18126847
0.05650088
-0.24147542
-0.20799674
0.14574414
-0.14036107
-0.026376637
-0.12161344
-0.023866808
0.006584813
-0.15611388
-0.046999373
-0.35621572
-0.17156352
0.23674053
0.009744165
-0.16163608
0.045247287
-0.2704586
-0.2806946
0.17220564
-0.1216102
-0.08598227
0.1379904
0.18673998
-0.203486
0.13343479
0.025641583
-0.17843595
0.15270522
-0.22286442
-0.34300223
-0.03249054
-0.0026440911
-0.089065745
-0.006756051
0.07293187
-0.20078947
-0.1445211
0.0023610315
-0.042658195
-0.18296841
0.00069069926
-0.11105558
-0.21684389
-0.3272051
0.036297426
-0.31605715
-0.12183046
0.13413349
0.06364203
-0.25082427
-0.30588105
-0.045291215
-0.124174155
-0.024114244
0.08223355
-0.063840285
0.056291375
-0.0684337
-0.023759097
-0.065280505
0.28151405
0.30013534
0.018856771
-0.03169427
-0.07803228
-0.070959784
-0.14731304
0.35052446
0.2674013
0.23664002
-0.15273018
-0.036601674
0.122244954
-0.10568529
-0.5071958
0.3070002
0.027367435
-0.17301491
0.1510395
0.008421039
0.042124942
0.21317545
-0.2025254
-0.089118816
-0.103304364
-0.029490491
0.18237993
-0.02145399
-0.053276323
-0.2749018
0.21495558
0.26031688
-0.019300409
0.4142683
0.3711705
0.066709414
-0.25722942
-0.026722273
0.14909972
0.034437723
-0.25342742
-0.1914749
-0.0007674405
-0.36866605
-0.016284892
0.31544122
0.30631196
0.22811966
-0.20321506
0.09697187
-0.10687511
0.03947452
0.13512944
-0.06071556
-0.67059475
0.1501579
0.12791908
-0.45062694
0.010739412
-0.006379968
-0.02291771
0.29195392
0.1703785
-0.0641777
0.08147136
-0.07732687
-0.19051352
-0.0041189813
-0.13487345
0.23159704
0.15736715
0.30235004
-0.024554294
-0.2828264
0.16709432
0.20903005
-0.2213279
-0.057220113
0.11887568
0.09601487
0.26667634
-0.20956522
-0.25706536
0.11707284
0.21983236
0.2192957
0.050757032
0.18165371
0.08637661
0.29323524
0.034498896
-0.4175936
0.049681723
0.39934823
0.015110232
-0.04259184
0.07809633
0.17417991
0.1172052
0.16968665
0.14894138
0.06193047
0.0733529
-0.06269073
0.20700265
-0.038454786
0.084565304
0.005163248
0.027519522
0.012906653
0.13016549
-0.07174437
0.053241365
0.09386134
0.17933068
0.1507034
-0.12313756
-0.039029293
0.101070866
0.14397678
0.43144226
0.080333345
0.08473694
0.55344045
-0.23994848
-0.30174664
0.059963938
-0.010867793
-0.2777038
0.014229438
-0.2039774
-0.67094123
-0.66071385
0.095336996
0.01969794
-0.0355724
0.17379116
-0.59311455
0.37016827
0.8825894
-0.30467555
0.12558375
0.31068355
0.52109253
-0.44226712
-0.4267751
0.29717213
-0.4959295
-0.70269465
-0.046912115
0.19553627
0.07257365
0.1920266
0.21517424
0.5457602
0.5071706
-0.15417513
0.7843907
0.83228314
-0.3614002
0.2853647
0.21855605
-0.67969793
-0.386809
-0.34722817
0.5003071
0.0054447004
-0.5266933
0.48212627
-0.55917805
-0.056469336
-0.0442282
-0.14484724
-0.310921
-0.3728203
-0.008707685
-0.1456081
0.108215116
0.4948539
-0.089306496
-0.100068994
0.30250055
-0.23649575
0.44623616
0.4212724
-0.40969783
-0.7401021
0.11358361
-0.266714
-0.10845496
-0.12016815
-0.8873612
0.5946314
0.22199608
-0.7418363
0.013814021
0.08442311
0.4999032
-0.01463437
-0.37578556
0.2134761
0.23280074
0.010778981
0.18129544
-0.49610728
-0.44509855
0.0023092127
-0.12730072
-0.36905327
-0.29172787
0.24478818
0.40547708
0.11722202
-0.4715351
0.051390715
0.57750195
-0.541795
-0.21214917
0.3097716
0.019301869
0.40486684
0.20078431
0.1625714
0.5259547
0.5832494
0.11824344
0.19373724
0.7381146
0.25098673
0.23734121
0.4311833
0.48327065
0.4220813
-0.3066549
0.4917217
0.34460336
-0.027093144
0.40766215
0.30426857
-0.044215504
-0.26747197
-0.102482185
0.11465146
-0.55922025
-0.612594
-0.18174398
-0.1678539
-0.68264246
-0.32495865
-0.29860076
0.035648115
0.14875954
-0.018354464
0.2995435
0.0017797507
0.08739362
0.22468862
0.08105355
-0.21880485
0.058190633
0.26758814
-0.010131243
0.35376015
-0.046215106
0.1345064
0.02077673
-0.36207393
0.33922377
-0.09592085
-0.01538455
0.11176442
-0.025340859
0.03009325
0.12945302
-0.12898554
-0.039132614
0.1107743
-0.05818978
0.096298344
0.07089167
-0.061209507
0.13661864
0.18041305
0.12517032
-0.17361926
-0.067995645
0.18712705
0.06556368
0.039518923
0.056921955
-0.1709819
0.09761516
-0.015177946
-0.10615743
-0.3142602
-0.22162656
0.2808
-0.31750757
0.12526713
0.03997649
0.018986985
0.19401315
-0.032965988
-0.11345507
0.15361391
0.0077404105
-0.29667175
0.21603702
-0.013669469
-0.32246304
0.10546391
0.017446194
-0.110683575
0.15599832
-0.0006806452
0.03959551
0.140804
0.03877958
0.11808469
-0.09076321
-0.087406404
0.0002929376
0.05866042
0.077131405
0.19202259
0.003046661
0.079740606
0.116982326
-0.14842275
-0.08804699
0.3224375
0.14641887
0.16118152
-0.0025520562
-0.23830383
-0.06512918
0.04624352
0.022945868
-0.08301625
0.34139886
-0.16105978
0.15510401
0.122683994
0.06507365
0.09463637
0.22687277
0.116976134
-0.06217617
0.02898027
0.08255068
0.00198903
0.22163123
-0.0846755
-0.1483012
-0.045996938
0.00069613435
-0.19460411
-0.11531657
-0.11611641
-0.061182078
-0.15544333
-0.06737037
0.040293552
-0.20488618
-0.11149062
0.024450729
0.15467264
-0.039780494
-0.08734925
0.033346534
-0.17516038
0.11982124
0.09382286
0.014008603
0.24821396
-0.3664409
-0.02728371
-0.05609858
0.009581329
0.17145056
-0.17976706
0.2091685
0.16198684
0.07966826
-0.08792051
-0.008439121
-0.14870389
-0.16859414
0.36976296
0.086191505
-0.07688892
-0.053267464
-0.010135532
-0.106738545
-0.37304273
-0.39898518
0.06494103
0.119899444
-0.18364824
-0.014576611
0.27002183
0.012876257
0.0964175
0.18586169
0.30181998
-0.22076783
-0.3487865
-0.017869292
-0.12447211
-0.23847833
-0.5119757
-0.40803126
-0.2397643
-0.17805214
0.35330802
0.407774
0.14196913
-0.14989066
-0.119404234
0.060205895
-0.5185642
-0.033847947
0.09581447
-0.40702167
0.14900212
-0.054649226
0.3467409
0.112634234
-0.14754996
0.2332005
0.02458319
0.12351246
-0.04719771
0.25872636
-0.085178524
-0.2679462
-0.12691769
-0.043696556
-0.051794946
-0.0052424516
-0.14042121
0.08019428
0.21887499
0.010865021
-0.18708001
-0.12626404
0.2957921
-0.13036385
-0.15466478
-0.16765691
-0.025557104
0.2779812
-0.023387937
-0.14698999
-0.051839463
0.16593583
0.17652299
0.012879436
-0.18710281
-0.05623762
0.26786396
0.15810798
-0.29859272
-0.35438776
0.09191356
-0.11551075
-0.09183609
-0.43273404
-0.04573005
0.27393395
0.10754696
-0.4550355
-0.16300063
-0.16699316
-0.024426617
0.15752032
-0.24104442
-0.28663373
0.0023743557
-0.5377433
-0.1786268
-0.0041261674
-0.31842515
0.053980812
0.027100729
0.09134681
0.15815996
0.05795568
0.08599123
-0.09592574
0.10878334
0.038181163
0.26006532
-0.15590203
-0.11668724
0.11498738
-0.19406243
-0.22361656
-0.29222333
-0.06385588
0.09002521
0.4147294
-0.025772827
-0.26764205
0.3187449
0.09701284
-0.10843262
0.060196787
-0.20590045
-0.3026543
-0.10162166
0.046702802
0.48752272
-0.053049132
-0.24206038
-0.06765395
-0.03344821
-0.02312213
-0.4748826
0.29078278
0.35505125
0.25735316
0.12255139
0.05145281
0.25698623
0.015031111
-0.24374203
-0.14178923
0.13243426
-0.10948181
-0.052069142
-0.004972617
0.15374327
-0.20623802
-0.026123073
0.5259653
0.4550079
0.6685795
0.46205142
0.4364952
-0.6161061
-0.32451048
0.23352666
0.41095862
-0.4179459
-0.24583991
0.1670089
-0.64939374
-0.03165321
0.46670955
0.22626013
-0.013490187
-0.19384065
-0.13849108
0.15339765
0.16886707
0.38966852
0.07923413
-0.8487223
0.10357352
0.22767496
-0.08130673
-0.33771738
0.062062208
0.013581287
0.21707039
0.04887225
-0.31880683
-0.12003534
0.13422294
-0.104893975
-0.025722569
-0.36155996
0.12966661
0.21114548
0.3778726
-0.20879774
-0.5027278
-0.15214345
0.2706369
0.07182268
-0.0806415
-0.0635764
-0.031027824
0.30272862
-0.22717586
-0.5546693
-0.0615118
0.23262621
0.48097286
0.0028537922
0.12744507
-0.042409584
0.49314338
-0.26766583
-0.40435615
0.31868762
0.36112922
0.13373826
0.22895241
0.07339949
0.117337555
0.11210338
0.10856544
-0.0018251385
0.20555966
0.1794129
-0.029761817
0.20651026
0.08276458
0.14467241
-0.12183847
0.18333283
0.13540152
-0.24625169
0.07646422
0.30526617
-0.106236905
0.15667686
0.22177806
-0.05750517
-0.15235935
-0.06539123
0.3737698
0.17129473
-0.07608668
0.0065474594
