6
10
3
3
0.07055806
0.33505884
-0.028353784
0.009893863
0.04232695
-0.120508246
-0.44625837
-0.33462662
-0.22114776
0.41245565
0.4180664
0.16276076
0.4087575
0.43922767
0.27127165
0.56122726
0.46679544
0.051011615
-0.03948721
0.07704435
-0.08237597
0.028078182
-0.054833326
-0.011594891
-0.1618545
0.047925122
-0.049651477
-0.0575389
0.044381857
-0.24473518
-0.12347475
-0.12212925
-0.25610358
-0.17016971
-0.3023976
-0.29688412
0.23273793
0.4038481
0.3876047
0.42650914
0.617107
0.48551178
0.5075396
0.466405
0.48343316
-0.34419706
-0.529585
-0.51192725
-0.06416177
-0.044827312
-0.30064481
-0.041863523
0.11835508
-0.20162737
0.052509062
0.086190455
-0.36216614
0.21359472
-0.21262774
-0.59823024
0.005828295
-0.2843773
-0.47073108
0.10226879
-0.0020040171
-0.13945162
0.21988077
0.0086093275
-0.32194522
0.09402444
-0.11594849
-0.25400016
0.34815782
0.4139348
0.29592827
-0.017043145
0.16646902
0.052108407
-0.3977281
-0.37809616
-0.15502723
-0.47376865
-0.422602
-0.5335496
-0.22694887
-0.2827327
-0.46536896
-0.06126869
0.13626537
-0.1975296
0.45336634
0.68309623
0.540041
0.0733351
0.35453025
0.20123856
-0.23508613
-0.09157353
-0.22818807
0.22122875
0.15286723
-0.052604605
0.23168434
0.15848427
-0.121822774
0.09210489
0.12069551
-0.084813945
-0.105248466
-0.12832105
-0.13031992
-0.083495095
-0.04745062
-0.066364825
-0.17283
-0.09879976
-0.10167461
0.019134402
0.16032247
0.09725915
0.09654417
0.291954
0.08807541
0.16990499
0.14945419
0.076697364
0.058598895
0.0515083
0.21378799
0.2958495
0.21658796
0.3536218
0.2870637
0.0464959
0.17669034
0.02530776
-0.19907503
-0.43038642
0.34308386
0.3433632
0.088146664
0.56240535
0.41092014
0.17671034
-0.17547645
0.09251896
-0.046089955
-0.03777409
-0.09049182
-0.2008114
0.13914678
0.11752839
-0.3203891
0.05154829
0.07456831
-0.04171928
0.33141997
0.22972786
0.0649298
0.3497136
-0.009577469
-0.24639376
0.23871659
0.6420067
0.7599358
-0.2217407
0.30123502
0.3550926
-0.46864152
-0.35931504
-0.27699122
-0.13144824
-0.4717729
-0.38389614
0.3649678
0.061234783
-0.18458657
0.25386944
0.31950316
0.18786322
0.32401824
0.5176654
0.44291854
0.27637953
0.36552745
0.19489557
-0.10475643
0.036490824
-0.006977641
0.17278326
0.058517084
-0.06196484
0.1692662
-0.088429675
0.037305333
0.1079566
-0.16763297
-0.13735159
-0.075015515
-0.007931017
-0.119031504
-0.17078494
-0.015840206
-0.18719421
0.012954114
0.1335205
-0.090049155
0.1753242
0.19924688
0.23466423
0.12042284
0.1657894
0.13415334
0.02234361
0.102790125
0.041282892
-0.03921975
0.08253578
0.15213391
0.061514474
0.14315152
0.085525155
0.18423328
0.15236013
0.1527084
-0.0206988
-0.37381846
-0.36828107
0.3480699
0.0682015
-0.21299799
0.646677
0.3509605
0.14175847
0.0022071234
-0.0071915593
0.02155688
0.1035669
0.07474326
-0.30200037
-0.044650316
-0.00097336795
-0.26485103
0.015118425
0.22473697
0.024840042
0.17040457
0.16035454
-0.27621415
0.44436818
-0.0387121
-0.14900456
0.39247325
0.7566068
0.611153
0.18030122
0.42481264
0.480227
-0.26818636
-0.03238254
-0.036761798
-0.29429054
-0.15530914
-0.20119254
0.07466179
-0.19085464
-0.086673126
0.420213
0.31569406
0.044571396
-1.0931635
-0.16578758
0.6756885
-1.3676254
-0.7746405
-0.082298726
-0.9354849
-0.61136395
-0.42671445
0.51034313
0.49194542
0.7597168
0.47977728
0.43709257
0.6963355
0.43184808
0.30412766
0.50464743
-0.09769943
-0.047172923
-0.03560924
-0.118521824
0.03537006
-0.20022191
0.047042716
0.07390984
-0.036959525
-0.44914317
-0.089399554
0.27792135
-0.5907167
-0.37911823
0.25977275
-0.39635745
-0.44468683
-0.05685757
0.045213886
0.14233837
0.26180026
-0.17246185
0.018182214
0.2044002
-0.1256006
-0.14688282
0.13365757
0.7301461
0.51518506
0.5241956
0.39508045
0.7085461
0.8380488
-0.5814149
0.105314635
0.4839728
0.4773617
0.56346256
0.73997563
0.49231037
0.821704
0.8113133
0.64340323
0.8674724
0.9413663
-0.2814752
0.123874016
0.3887244
-0.22002275
0.0341167
0.6339088
-0.25266925
-0.0702015
0.31992796
-0.95892715
-0.21686806
0.30222067
-1.452112
-0.82953763
-0.506881
-0.5944875
-0.70006156
-0.90783215
0.8843783
0.66596615
0.1937207
1.0128887
0.9365519
0.64476067
0.35345843
0.42742953
0.59981704
0.11926997
0.49865732
0.6413981
0.06566438
0.3938007
0.22531386
-0.13693176
-0.08955802
-0.13806425
-0.11512231
-0.059647482
-0.27771884
-0.059692986
-0.07176226
-0.21648642
-0.16270263
-0.33208644
-0.2039765
-0.08826039
0.097438574
0.08898054
0.007921326
-0.01266404
0.085284576
0.17562705
-0.07700497
0.13480955
0.18470623
0.3180652
0.3893257
0.22711407
0.25167555
0.40058053
0.050324008
0.1127607
0.2134947
-0.30646315
-0.10978316
-0.101199366
-0.09440169
-0.02725884
0.09097313
-0.14103952
0.09383639
-0.07087884
0.28926775
0.14868316
-0.11124921
0.6571498
0.47908252
0.13073453
0.54715145
0.43564385
0.39532408
0.104505256
0.16903852
0.20846485
0.23066054
0.40415186
0.23107696
0.42245495
0.3220228
0.39880595
0.12715344
0.24013527
-0.09757047
0.23376298
0.2820711
-0.08954395
0.36775896
0.2718593
-0.2721855
-0.055226076
0.6258278
0.8166439
-0.11000873
0.37141442
0.48348013
-0.29888326
0.017318543
0.00088215386
0.47289845
0.25899938
0.15438597
0.63371605
0.45045626
0.37074253
0.38199207
0.43559203
0.7002361
0.38052055
0.8355132
0.6011878
-0.15188563
0.41305542
0.38618553
-0.27079412
0.10508207
-0.07482172
-0.09686812
-0.24312723
-0.040225845
-0.23802315
-0.260461
-0.24163194
-0.336857
-0.43349102
-0.31755254
-0.12761715
-0.08921099
0.026450228
-0.075222656
-0.035632174
0.04319211
0.075450815
-0.0040105633
-0.007389021
0.051066402
0.2793821
0.34130293
0.16150849
0.29984802
0.43549916
0.10832369
0.3663057
0.2992769
-0.15871543
-0.121632114
-0.14835663
-0.24512833
-0.073706046
-0.119425595
-0.09091322
-0.13965902
-0.14316526
0.57451266
0.10449834
-0.03568634
0.57575136
0.65062004
0.18913235
0.57627594
0.60611105
0.38487652
0.16860946
0.14297365
0.31352094
0.17367177
0.28945827
0.2789315
0.23215234
0.42635092
0.27836582
0.34106925
0.05769944
-0.11451023
0.2402793
0.05462264
-0.02572715
0.18459557
-0.13057862
-0.22421157
0.23465298
0.67660975
0.6335947
-0.2562906
0.20688367
0.30549076
-0.54612774
-0.2437289
-0.2945476
0.37343138
0.16460429
0.1580721
0.5175119
0.50320923
0.44735864
0.5099261
0.59743226
0.6333772
