60
-0.08224689
0.39171967
-0.44129607
0.4646898
-0.55490613
0.19429384
-0.01688934
-0.015248421
1.0124277
0.10518979
0.16911341
0.44953692
0.27200374
-0.45144707
-0.18503506
0.8652861
-0.37720737
-0.13631572
-0.17622922
0.34814045
-0.048403386
0.56527364
-0.3749415
1.0430163
-0.44133556
0.017269025
-0.042833142
-0.43533173
0.21236044
0.087191835
0.37555823
0.31904912
-0.24371669
1.002174
-0.3574541
1.1637942
1.1705824
0.97791475
0.103204064
-0.62253773
-0.017702475
0.25360838
-0.23436932
-0.5168158
-0.37543297
0.28726923
-0.48570895
-0.29787782
-0.103588484
0.7870787
-0.062435314
-0.062693454
0.1494564
-0.15302108
-0.27961078
-0.19488111
0.7045145
-0.0005891001
-0.5428797
0.39910975
