10
14
3
3
-0.16565919
0.14745398
-0.03220332
-0.0089573935
-0.18613614
-0.24659741
0.028957449
-0.0077092177
-0.2339982
-0.07385648
0.3339946
0.124112725
-0.48599932
0.3644138
0.07437893
-0.49336505
0.03468425
-0.2853139
-0.11651391
0.34219795
0.27034464
-0.17119117
-0.28405267
0.3592996
-0.103069656
-0.2655153
0.029710606
0.01777159
0.08493276
0.1761451
-0.15850076
-0.2339858
0.17595495
0.360138
0.28898033
0.24366534
-0.07307168
0.17324133
-0.1529283
0.10487596
0.014637526
0.057046812
0.06452051
-0.42910734
-0.18566579
0.2651055
0.3860408
0.20442446
-0.17426708
-0.13146868
0.219259
0.0003398969
-0.34050265
-0.3083561
-0.03217019
0.22416182
0.1668634
0.1835386
0.45564073
0.26017419
-0.24751586
-0.4089589
-0.20640571
0.40610233
0.074309416
0.20598052
0.24258426
0.08603606
0.3525293
-0.005491588
-0.34609655
0.28942376
0.34406126
0.47604364
0.2616735
-0.06400458
-0.037819114
-0.06232391
0.10659081
-0.2436613
-0.29144594
0.1893463
0.028782343
-0.19084445
0.22084682
0.12276829
0.12469572
-0.15601733
0.22362809
0.06530725
0.1669892
0.29153627
0.3515411
-0.17151324
-0.0803547
0.11428394
0.39392495
-0.090212606
0.017991086
-0.3312416
0.101477236
0.13764037
-0.30487314
0.042435344
0.02964827
-0.00687268
0.32217225
-0.096248515
0.0041940017
-0.33866268
-0.03187821
0.20230173
0.18337876
-0.04174952
-0.1425381
0.16943417
-0.14914837
-0.03543376
0.23628381
0.08087887
-0.031845488
-0.32347032
0.0049677053
0.17327912
-0.18335539
-0.0007083149
-0.049766272
0.052720513
-0.062494513
-0.23696208
-0.2742526
-0.11583008
-0.30374387
-0.30689043
-0.04206182
0.052408338
0.04939338
-0.14396253
-0.41580254
0.22603893
-0.0012210864
-0.37282678
0.008600063
-0.11101932
-0.07926441
0.18543984
0.109717615
-0.13418257
-0.008686938
0.23669776
-0.3036538
-0.17152148
0.01233994
0.24876732
0.27146804
0.074891895
0.14057209
0.0014455249
0.1837259
0.054818943
0.02950196
0.099439
-0.04462568
0.25557527
-0.020436117
0.12673485
0.08969173
-0.15524946
-0.1873439
-0.28322864
0.02883792
0.11724076
0.16708966
0.021155128
0.059240125
0.21128759
0.21474352
-0.20317003
-0.27791446
-0.19068648
-0.25453234
0.16672954
-0.3894301
-0.062702164
0.12344761
0.048549306
-0.09471618
-0.2069374
-0.056977253
-0.09793597
0.011158855
-0.15000716
0.071707495
0.07817633
0.033574585
0.0026754413
0.040028073
-0.0468085
0.14196602
0.14891608
-0.07191643
0.100557886
0.26350847
0.19794153
-0.010529982
-0.04230039
-0.15207087
-0.11767335
-0.16845861
-0.12490281
-0.045780588
0.16867533
0.041117366
0.0021325413
0.31257233
0.009872237
0.16205135
0.19723165
-0.2212753
-0.10516173
-0.16352576
0.102626145
0.11550525
-0.22624181
0.10674017
-0.49996406
0.16951188
-0.053242896
-0.13465683
0.21674253
-0.16666616
0.04884067
0.28274345
0.051056605
-0.56008416
-0.22494541
-0.044539392
-0.0493795
0.06563977
0.061109085
-0.03841952
0.05377961
0.00087311433
0.103510745
0.06148256
-0.27554238
-0.1371359
-0.11476095
-0.18780982
-0.18588781
-0.22870214
-0.06596907
-0.13970572
0.28490028
0.10271342
0.18904583
-0.12261219
-0.121670835
0.14307848
0.0428498
-0.12571652
-0.1979788
0.43167666
0.19638656
-0.6832255
0.22996496
0.08474211
-0.6373464
0.14479457
-0.27786654
-0.05601541
0.19818975
0.5201101
0.06323791
-0.121531636
0.41936082
0.09090698
-0.57273996
0.09688935
-0.074755415
0.07206995
0.19992118
0.009799645
-0.22741446
0.010069324
0.2872187
0.16832761
0.03587725
-0.3879484
0.26564053
-0.035469405
0.076779775
0.23598664
0.005063216
0.07533057
-0.30577505
-0.36574253
-0.06286633
0.3141683
0.03926654
-0.15879725
0.25595248
-0.11580342
-0.077802144
-0.16436538
-0.25858435
-0.14832231
0.33063996
0.22596131
-0.030523907
0.26354587
0.20008507
0.011546538
-0.17872529
-0.10707921
0.11724396
0.08361474
0.30940348
0.2823433
0.04039394
0.36709267
0.18514602
-0.058725286
0.24757342
0.40022194
0.29906622
0.27401143
-0.17000698
-0.046996392
0.06205677
-0.040826615
-0.14767608
-0.13778089
0.25842714
-0.18869473
-0.43145207
0.20824274
0.18956526
-0.033325568
-0.09040847
0.11642484
0.16885345
-0.06248939
0.2502621
0.34627217
-0.059255105
-0.22426596
0.2770384
0.28306976
0.076077014
-0.035339557
-0.37269214
0.04886813
0.10369762
-0.45480034
0.24765456
-0.0755138
-0.21803449
0.26263335
-0.058339078
0.096504346
-0.5318541
0.14776607
0.12973277
0.041705232
0.17460246
-0.12549248
0.23005792
-0.10649852
-0.026481135
0.30117065
0.34223616
0.067591265
-0.33394212
0.2018345
0.31563
-0.2229683
0.07753277
0.39084896
0.49492148
0.26652902
-0.13314004
0.17192449
0.0416783
-0.2250395
-0.12183388
0.03340471
0.08366096
0.13295391
0.050537184
0.23452936
0.19766982
0.0052807103
-0.1455969
0.12078071
0.2613225
0.005024593
0.10413599
0.04640541
0.20321128
0.32305655
-0.012237189
-0.23275495
-0.11529117
0.12969553
-0.006911391
0.14465003
0.10672531
0.029984245
0.18005401
0.037469644
-0.2663273
-0.30845678
-0.26172417
0.07385672
0.20639071
0.26511645
0.18989053
0.2846887
-0.22407493
0.18350123
0.05110027
0.08622948
-0.17639543
-0.2212266
-0.41888088
0.24711695
0.22244105
0.22164226
-0.054346625
-0.042788595
0.16906133
-0.33286545
0.23219621
-0.22446708
-0.1371727
0.09825891
-0.38249934
0.08510033
0.24964541
0.31576446
0.026092865
-0.042119883
0.08217301
-0.14402576
0.10539054
-0.27106783
-0.13658379
-0.22586264
-0.035719596
-0.07080066
-0.46190012
-0.61372477
0.24750862
0.17276621
0.121266335
-0.052551918
-0.09490916
0.080034286
0.12581453
-0.12757024
-0.07392907
-0.021036144
-0.24338874
0.01339042
-0.018765483
0.36230257
0.27690804
0.02148025
0.1165963
-0.031224694
-0.091572635
0.23059446
0.32795757
-0.40392345
-0.21905181
0.26403585
-0.1454852
0.13184072
0.14063762
-0.14051034
0.01054585
0.14701653
0.058679078
0.3331446
0.19503328
-0.082128495
-0.03603279
0.20501782
-0.1090293
-0.12831043
0.34039968
0.3087099
0.12503959
0.05837272
-0.042274572
0.084582314
-0.086726725
0.14504778
0.12442082
0.05549353
-0.19804429
-0.33826306
0.08369115
-0.11954094
-0.027907005
-0.23710172
-0.07220234
-0.3091195
-0.18628041
-0.023660496
-0.10762369
-0.20302059
0.23230101
0.03990148
-0.18485992
-0.15389748
0.16645685
-0.14071007
-0.068436965
-0.1032744
-0.07022774
-0.08986913
-0.17190988
-0.010465612
0.22213532
-0.3101036
-0.08000579
0.31164646
-0.46319595
-0.2599758
-0.4783736
-0.07556619
-0.07738638
-0.36939618
-0.27470428
0.112949885
-0.20828272
-0.1566293
0.021725824
-0.2638408
-0.09593315
-0.43617842
0.1729738
0.12307896
-0.3693938
0.3327369
-0.34352413
-0.6847458
-0.14858049
-0.05542691
0.16057903
-0.31635785
-0.007627347
0.2212593
-0.038112126
-0.20991898
-0.21628886
-0.31037644
0.05816794
-0.0444315
-0.28952163
0.06706747
0.039758924
0.06380766
-0.001488435
-0.26265568
0.17581952
0.009389592
0.3562699
-0.06254162
-0.12263775
0.35145473
-0.033389986
-0.34287786
0.22747871
0.26023456
0.060476433
-0.2670156
0.22822288
-0.09144469
-0.30168396
-0.012227545
-0.44175795
-0.22420542
0.29394132
-0.02038363
-0.09561932
0.05537687
-0.06318918
0.11766264
-0.09602901
0.02660042
0.18641213
-0.5290179
0.09436201
0.24210423
-0.44464964
-0.22730453
0.077278905
-0.20879817
-0.065270826
0.15543903
-0.114560276
0.019892566
0.11121053
-0.46604252
-0.15187068
-0.04278245
-0.014551634
-0.0701616
0.012396409
-0.06320542
-0.5469341
-0.2134409
-0.070009634
-0.18794113
-0.30336398
-0.18376222
0.05018513
-0.2757895
-0.5411002
-0.40094784
-0.35666835
-0.5720884
-0.69200206
-0.27063316
-0.35186037
-0.67231625
-0.11132726
0.30553427
0.38613683
0.09470817
0.19229396
0.14181422
-0.19472785
0.044707067
0.14391738
0.0019401497
-0.10992672
0.21686602
0.09842313
-0.067804106
0.24711785
-0.09485262
-0.096423596
0.041034564
0.05575174
-0.082475185
-0.07774985
-0.13170205
0.37404
0.00045651774
0.009262897
0.459666
-0.31053615
-0.13685067
0.28288728
-0.09140561
-0.019898541
-0.006483204
0.0047498676
-0.24022155
0.12316751
-0.2385062
-0.50161684
-0.34101596
0.08783648
0.12760517
0.006038944
0.19769023
-0.31147465
0.2790406
-0.27537435
-0.1421623
-0.07356011
-0.25429532
-0.10967494
0.27866766
-0.02110176
0.07578364
0.16943274
-0.12501468
0.04637142
0.08325309
-0.08101878
0.32024622
0.19057757
0.0184586
-0.15880115
0.3559453
-0.0530716
-0.09880413
0.059930302
-0.15093377
0.2371333
-0.09435707
4.278226e-05
0.2314488
0.14953497
-0.05957393
-0.014377577
-0.016116362
-0.25452718
-0.25497478
0.24529774
0.18815343
0.06446735
-0.022969801
-0.08026597
0.008676106
0.21187781
-0.24210052
-0.26440918
0.035464406
-0.19864686
-0.09406677
-0.16227826
-0.07612224
0.31434524
0.255451
0.011223498
-0.12710193
0.35968778
0.0021798813
-0.027845476
0.21296746
-0.12909372
0.058080852
-0.07892083
-0.08550451
0.037512574
-0.2865085
-0.029928911
-0.12246627
-0.37641898
0.09459272
-0.056556918
0.07812141
-0.35701466
-0.17354232
-0.3018032
-0.011978347
0.11230892
-0.021908179
0.30491194
-0.20907699
0.20883068
0.063645035
0.10769236
0.26605847
-0.01057735
0.0044984543
0.05495095
-0.19968131
0.04800169
-0.02683755
0.09824188
-0.035002958
-0.23493072
-0.25647357
0.14215589
0.035530947
-0.0845822
0.15777095
0.18646581
0.012969117
-0.106359094
0.086163566
0.061648995
0.19638218
-0.13252088
-0.02184133
0.01613304
-0.13229446
0.2122651
-0.076732896
0.01514917
-0.036710296
-0.058652293
-0.19908084
-0.16064414
-0.03912782
0.039087024
0.1692433
-0.08441578
0.024112405
-0.11873611
-0.20132288
0.1361401
-0.016821606
-0.14265764
0.05127698
0.16873813
-0.17956541
0.010927969
-0.14279099
0.1846717
-0.29144287
-0.29509124
0.24995081
0.0732108
0.0006107986
-0.055983227
0.08760817
0.098942846
0.26945332
0.008968329
-0.31337386
-0.0093985135
-0.068051115
-0.08200463
-0.32021546
0.16871266
0.13113794
-0.010112696
-0.0065751304
-0.01692095
0.11941357
0.18820901
-0.08426587
-0.35290277
-0.11203461
0.12384939
-0.39439386
-0.01282005
0.01855008
-0.20510417
0.08305666
0.052115798
0.012312187
-0.24239407
0.1164174
-0.035843033
-0.20315792
-0.13707538
-0.0782851
-0.14550056
-0.1915731
0.052358065
-0.106081456
0.22550978
-0.14937688
-0.026612055
0.0024392714
0.059715126
0.12746228
-0.012652527
-0.18742867
-0.011498795
0.03269941
-0.019698672
-0.02230622
-0.30152985
-0.2497423
-0.07376973
0.09080397
0.095433064
-0.16639383
-0.07355732
0.039377715
0.20430078
0.13374606
-0.0789496
-0.40220302
-0.063877754
0.19601437
0.10810135
0.024933709
0.1624777
0.09116912
0.019757101
-0.07017244
0.010727596
0.17443547
0.063758366
0.034587104
0.05728938
0.089595675
0.016717881
-0.20701337
0.16231158
0.12414468
0.23132157
0.14224595
-0.17099297
-0.24187674
0.029790893
0.21531232
0.07798825
0.14330672
0.13130178
0.23076932
-0.21636903
-0.084474705
0.008280206
0.10823209
-0.005215552
0.17555143
-0.013076913
-0.00050379115
0.36732256
0.027549416
-0.24268205
-0.0643119
0.17783906
-0.25725022
-0.1424434
0.14412643
-0.016286774
0.26420113
0.018545302
-0.11242436
-0.0081512965
-0.13845052
0.1409477
0.16782834
0.12113277
-0.13079743
0.46759441
-0.041384574
0.19625892
0.07387617
0.1707394
-0.15573153
-0.1797071
0.18851802
0.17825831
0.22119401
0.02566717
-0.04783949
0.1373066
0.10164013
-0.19516473
-0.26751938
-0.071746126
-0.07590314
0.21460657
-0.15379415
0.09576919
0.21782576
0.059249505
-0.20025551
-0.27848303
0.022313314
0.044075113
-0.003682208
-0.01275209
0.14054798
0.1268556
-0.14922744
-0.12004999
-0.23714164
0.19082385
0.3333714
0.29704636
0.14464985
-0.00070632854
-0.022001738
0.110124186
-0.03749307
-0.020412214
-0.0023837718
-0.14083199
-0.17751785
0.116244
0.037955776
0.2617334
0.1861131
-0.009756125
0.23171277
0.17996219
0.17295307
0.2117229
0.060860377
-0.2009614
-0.12606007
0.27661264
-0.103267044
-0.011669413
-0.07194695
-0.22071005
0.24009314
0.04931657
-0.277956
0.22959128
0.080273755
-0.0669659
0.33781976
0.21873677
-0.45579764
0.08304134
0.25431848
0.30910856
0.40252736
0.01960367
-0.02893639
-0.084011495
0.0047509205
0.04758625
0.15900329
0.037472084
-0.16386421
-0.21199471
0.09659122
0.12593755
0.09338191
-0.051670335
0.32929567
0.33424526
0.23144673
-0.110598914
0.028300589
-0.08852928
-0.39863592
-0.36461186
0.050741024
-0.074149154
0.17683838
-0.052523628
0.026888765
0.07221484
-0.31891978
-0.30925363
0.00618902
0.106648505
-0.15410303
-0.010886381
-0.16898663
0.12674999
0.11861328
-0.04773885
-0.065011814
-0.09269197
0.09250006
0.13672292
-0.04454252
0.051007427
0.06216386
-0.022425495
0.019461514
-0.14995025
-0.28321207
-0.14297636
-0.24738982
0.28066692
0.13613616
0.16856384
0.028576728
-0.2330906
0.12405204
-0.040077817
0.1909534
-0.31731796
-0.36116254
-0.2429216
0.12212633
0.26984873
0.017403278
0.10279973
0.08280523
0.2104873
-0.04538697
0.15994778
-0.09769701
0.05396718
0.15722725
-0.55532926
-0.00819755
0.17009877
0.0744527
-0.031208402
0.039354455
-0.13296314
0.10459363
0.14445995
-0.12260956
-0.09273052
0.110950895
-0.15633766
-0.32539302
-0.45613047
-0.6801356
0.22198433
0.24880885
0.1546159
-0.095280305
-0.14288257
0.054650847
-0.11950418
-0.12743393
0.09599312
-0.30871084
-0.34403688
0.09098757
0.084455155
0.27132356
0.001964349
0.019779626
-0.2160554
-0.14853498
0.09753938
0.24510011
-0.10300993
-0.39772943
-0.23373686
0.14929311
-0.20865375
0.14387861
-0.14123757
-0.3045612
0.14154232
-0.050845485
-0.13084929
0.14552306
0.084527306
-0.13777438
0.03764255
0.1578832
-0.5700251
-0.17330542
0.15001485
0.26947778
0.30476558
-0.05539651
-0.051803615
0.011635346
-0.034728304
0.15648818
0.057943236
-0.07714411
-0.29432634
-0.23240575
0.10468653
-0.17010632
-0.015393108
0.09752157
-0.12526922
-0.13589525
0.03694441
0.15337065
-0.052519556
-0.014549064
0.016593399
0.013843513
0.067821264
-0.27682418
0.039087538
0.0065134345
-0.2702725
-0.14145657
-0.001741564
0.1455759
-0.06081436
-0.18019353
0.15926613
-0.037858322
-0.26751813
0.05043477
-0.25766444
-0.13630413
0.18746445
0.21407051
-0.14509171
-0.05502787
-0.06540633
-0.114038125
0.013073962
-0.07684088
-0.13847329
-0.16756092
0.033764012
0.11890047
-0.17243591
0.05068832
-0.15740266
-0.20722556
-0.34611598
0.07206928
0.026008159
0.17130898
-0.2521446
-0.16444609
-0.048365574
-0.033041548
0.22066765
-0.1591498
-0.096055925
-0.14327222
0.10589569
-0.018860823
0.24357352
-0.08934158
-0.09321916
-0.05772076
0.033368018
-0.040042058
-0.14238442
0.03971488
-0.30465147
0.042399622
0.064647354
-0.2231006
-0.04027503
-0.15324768
-0.23283836
-0.09317788
-0.14676441
0.1616985
0.05189944
0.11957212
0.33515257
-0.04111176
-0.33181003
0.052136645
-0.01959428
-0.3327703
-0.19279617
-0.0431254
-0.04214886
-0.22985327
-0.14938636
0.027444469
-0.27584657
0.10138687
0.10003727
-0.30792955
0.09275043
-0.24237777
-0.31961218
0.35518935
-0.063439034
-0.3418633
-0.036444418
0.0628654
0.008799416
-0.07666364
-0.0873742
-0.23660244
0.041752633
0.1784776
-0.08929188
-0.1637138
-0.20683594
-0.0019426484
-0.1119207
0.065186284
-0.01515663
-0.041594364
0.051196825
-0.14550036
0.033998653
0.10302246
0.022550661
0.035567686
0.04308147
0.18088612
0.21280248
-0.07074442
0.20387901
