3
6
5
5
0.24445738
0.4330498
0.61183196
0.6053233
0.42834884
0.27925882
0.72879475
0.90635854
0.83710766
0.6046809
0.3919707
0.75289637
0.8176283
0.9098314
0.6092584
0.08725984
0.4006435
0.49101904
0.73204803
0.570103
-0.17567374
-0.08581
0.0015307292
0.4493851
0.23977244
0.08047801
0.5944526
0.5956882
0.63539875
0.59453404
0.34506372
0.5385562
0.7782274
0.80567944
0.71280235
0.06774
0.22652572
0.40348396
0.69075584
0.54287446
-0.17596819
0.14916988
0.2456556
0.28936413
0.2630243
-0.50167656
-0.18782519
-0.21601512
-0.035211902
-0.069376424
0.32120296
0.25759193
-0.02993915
0.03294402
-0.13507766
0.32935315
0.1936887
0.13006867
-0.09172708
-0.008619854
0.1745428
0.34382436
0.2844255
0.10939186
0.13499792
0.3103657
0.23614262
0.2096155
0.16898163
0.0635466
0.2745527
0.26511914
0.07143408
0.03429336
0.23409322
0.5149758
0.90885395
0.7106756
0.570041
0.34628448
0.7263539
1.0334128
1.0087804
1.121268
0.7864645
0.78278595
0.96249443
1.0049261
1.0209862
0.8039249
0.41736013
0.8341648
0.8678259
0.7737197
0.7218522
-0.109875515
0.20206451
0.4298341
0.51446176
0.37221125
0.23108266
0.3507081
0.31225723
0.27080876
0.45986143
0.2594275
0.29104444
0.19032787
0.2684874
0.48771456
0.27778134
0.40299717
0.24146271
0.23380339
0.24762237
0.4231519
0.20664419
0.26061103
0.4229209
0.44525895
0.3609294
0.21736348
0.2248378
0.34111595
0.37479267
0.25611624
0.31721517
0.23098302
0.3654956
0.35156804
0.15423326
0.27506033
0.2648482
0.4620172
0.5057233
0.2921677
0.18716648
0.2938246
0.28917408
0.31908002
0.17781602
0.15495259
0.076292455
0.38872164
0.24780571
-0.09493347
0.048614617
0.120932534
0.05022294
0.247962
0.7172613
1.0278219
1.3244276
1.416338
0.9874298
1.0110245
1.5470068
1.9874249
1.8823218
1.6670895
0.9274842
1.6539112
1.9977149
2.0571342
1.8765819
0.75195855
1.0854707
1.6701205
1.787034
1.5190005
0.21901755
0.52221984
0.9379368
0.8656237
0.80328435
0.13025962
0.81108
1.0672674
1.1995678
1.0871167
0.32448307
0.7914168
1.244454
1.4227489
1.3646579
0.3585372
0.5732024
1.079948
1.3851135
1.261628
-0.061506975
0.112889
0.5728521
0.65085053
0.68284446
-0.57225317
-0.27464646
0.07124912
0.14072926
0.1909418
0.32574192
0.103701256
-0.07898047
-0.24716343
-0.18252155
0.33766556
0.24462421
0.06531996
-0.039307937
-0.26473245
0.27337384
0.41375
0.3485477
0.072615795
-0.08182889
0.2577992
0.24317724
0.20162918
0.042745885
-0.13343857
0.27508578
0.20852351
-0.0038611458
0.092852324
-0.033642393
0.7951123
1.0970719
1.4414879
1.1779678
0.9446084
1.2114433
1.4980066
2.0613232
1.9182264
1.4098462
1.0954257
1.7958739
2.1843572
2.1392844
1.6021833
0.8971594
1.4236175
1.5987773
1.8535783
1.5869722
0.40704125
0.7657461
1.1543169
1.0792731
0.9382522
0.44789594
0.46481606
0.30568945
0.29568654
0.30563858
0.21527804
0.23957245
0.2995786
0.23212387
0.38553903
0.19656871
0.06390521
0.2459823
0.020930845
0.29211032
0.31560266
0.061647765
0.16254719
0.25782278
0.33640888
0.08532738
0.021983655
0.10887601
-0.016993053
0.19994387
0.5394562
0.5298347
0.41732883
0.66849536
0.6001167
0.4972802
0.58815116
0.5852317
0.56911075
0.77487457
0.52299637
0.47217634
0.38472208
0.73178387
0.6434992
0.3726453
0.22373138
0.49274093
0.49290952
0.58958477
0.08227818
0.21275303
0.13109139
0.21071152
0.3417316
-0.06329526
0.090846226
0.13632701
0.12964717
-0.17467505
0.077205494
0.4074735
0.5497246
0.6477667
0.31389418
0.30196464
0.45069537
0.6412726
0.7419472
0.5189267
-0.032264356
0.3506418
0.40889052
0.4965712
0.23955812
-0.2776153
-0.11282773
0.14808193
0.17501055
-0.012773443
0.57320523
1.0647354
1.1427121
1.260439
1.1162447
0.6982084
1.1147412
1.5518438
1.4011136
1.2288119
0.619866
1.1178436
1.2882266
1.4395837
1.2601581
0.4361094
0.8124875
1.0480456
0.8781105
0.7595631
0.11425528
0.21739152
0.50856286
0.42266837
0.32915562
0.31096312
0.37911713
0.39423394
0.23680358
0.10554435
0.41104993
0.5578646
0.43004707
0.22574915
0.2390887
0.5875315
0.39918858
0.34317794
0.3955486
0.23613541
0.33714157
0.3781901
0.30999064
0.31391776
0.25607643
0.41941732
0.38609034
0.14184467
0.2642495
0.25164622
-0.033336848
0.39299372
0.52482647
0.33673918
0.105568156
0.3265722
0.8424974
1.0117255
1.0477546
0.45406482
0.33180073
0.94929934
1.1491134
1.0464222
0.7650543
0.17090844
0.5408136
0.8988065
0.99432516
0.55943257
-0.20857938
0.22730371
0.3890925
0.45057434
0.19874208
-0.3454993
-0.42760816
-0.61539584
-0.4777276
-0.20863806
-0.5745434
-0.79395396
-0.57097876
-0.38162577
-0.22409776
-0.7314209
-0.7585507
-0.6612849
-0.4516954
-0.37964272
-0.7388432
-0.8763778
-0.6832162
-0.6658199
-0.34037146
-0.56340396
-0.9179328
-0.8382589
-0.47155327
-0.5078338
-0.069084726
-0.00839678
-0.1595634
-0.078211
-0.4474709
-0.13917167
-0.050387844
-0.13941948
-0.3601621
-0.25255716
-0.16660036
-0.09003388
-0.19767386
-0.104178414
-0.2830949
-0.2674863
-0.22737293
-0.35260868
-0.23906586
-0.29148227
-0.20805871
-0.5295114
-0.49104854
-0.44179922
-0.40461075
