6
10
3
3
-0.07692141
-0.24294461
-0.44035065
0.36152667
0.17049335
-0.21787058
0.264554
0.25496656
0.08860765
0.148868
0.367122
0.04056893
0.33954427
0.4348527
0.20628779
0.16201305
0.28203
0.21384254
0.2976708
-0.09740275
-0.61907125
0.4939414
0.14619595
-0.3749017
0.50937337
0.26987663
-0.14392821
0.12630415
0.40751785
0.5279642
-0.11148662
0.035470832
0.041908927
-0.5943753
-0.5351008
-0.40491715
0.087669425
-0.15566626
-0.04131736
0.061201
-0.004378784
-0.25823686
-0.17797779
-0.055245988
-0.14631553
0.37703538
0.08716253
-0.15820217
0.2682289
-0.02808287
-0.13499704
0.10047528
-0.33664998
-0.5196853
-0.032738604
0.18884921
0.18527195
0.18482731
0.31550613
0.4669836
-0.0038682339
0.27424377
0.39419115
-0.23956574
-0.1364713
-0.07507584
0.2154763
0.46432096
0.10971701
0.22368196
0.44012138
0.31863976
0.38672817
0.83075583
0.7460768
0.0049165622
0.24570307
0.07136652
-0.14692156
-0.25947246
-0.664675
0.06237311
0.20268567
-0.0029564563
0.12857258
0.26929057
-0.039563734
0.17737703
0.19346865
-0.08168595
-0.18744113
-0.13696547
-0.3410717
0.19859351
-0.028048443
-0.18082651
0.21371906
0.1909157
0.058223613
-0.12832923
0.027781297
-0.046373513
0.1658484
0.46148887
-0.044543363
0.17867124
0.33780476
0.026010312
0.1369999
-0.23085825
-0.7311323
0.3677447
-0.027342359
-0.60725844
0.3772836
0.14349703
-0.33289906
0.5188615
0.6737672
0.567513
0.27831674
0.28953937
0.379475
-0.24971986
-0.14970535
-0.080686696
0.14406742
0.27334937
0.12674136
0.1376292
0.21959324
0.17892477
0.14656426
0.124874726
0.059743892
0.46196586
0.2603472
0.048700612
0.43986335
0.026529914
-0.09325096
0.06059631
-0.2851155
-0.47540495
-0.21966934
-0.00017303896
-0.044109214
0.040802542
0.19115321
0.2573393
0.054016847
0.07422317
0.07097005
-0.43718395
-0.10692734
-0.36676222
0.08516015
0.342532
-0.0064850645
0.24873433
0.48089004
0.108626395
0.7231507
0.94708675
0.9541426
0.31653363
0.55768466
0.2796243
-0.33694282
-0.13071428
-0.51118934
0.022369968
-0.10039825
-0.07748472
0.24085037
0.1215166
-0.2897297
0.016436137
-0.14079921
0.043230917
0.4136759
0.06463215
0.16630574
0.34877297
0.42748186
0.16700272
0.5052109
0.43581453
0.44007272
-0.39889225
-0.118567236
-0.06784851
-0.45821857
0.004471803
0.05664264
-0.4726211
-0.21497118
0.017291509
0.61270064
0.54817003
0.1948461
0.6970979
0.7868953
0.40220705
0.34906086
0.7957731
0.57956797
0.4822328
0.7276298
0.8538493
0.16726628
0.41978332
0.23489268
-0.062494546
0.17190704
-0.026185928
0.23353298
0.3157036
0.39372957
0.22920798
0.3732248
0.43053684
0.38971835
0.29967698
0.32164702
0.4924371
0.5064245
0.3548914
0.42327997
0.34758028
0.18112037
0.31202802
0.031772424
0.067884535
-0.0038945095
-0.2621142
-0.21059275
-0.3570871
0.02157442
-0.020461805
-0.28625923
-0.21126375
0.04373017
-0.019233823
0.22504497
0.13593704
0.034710746
0.55881304
0.5102013
0.092571296
0.45990095
0.48419303
-0.09369972
0.62290156
0.6823189
-0.21919766
0.13112897
-0.10035102
-0.026899189
-0.30595684
-0.4930074
-0.17332134
-0.15416487
-0.14241672
-0.08478204
-0.12148068
-0.1435993
-0.15279518
-0.14221482
-0.067916945
0.2766721
-0.06499183
-0.4331245
0.2609265
0.11972435
-0.119501576
0.46997914
0.46480054
0.14278744
0.111124516
0.3893154
-0.0076884134
0.23234625
0.32115117
0.21694478
0.017990299
0.11415735
0.079268575
0.32384908
0.029968916
-0.6629766
0.51083106
0.34096828
-0.454112
0.4291366
0.4219631
-0.0889399
0.29353952
0.52224636
0.64740217
0.029881507
-0.047685068
0.17315319
-0.40317273
-0.24787262
-0.25710255
0.020902185
0.02645441
-0.016076101
0.2036969
0.14561492
-0.06214286
0.08349311
-0.08641433
-0.07249359
0.31004885
0.18393753
0.080084056
0.33756053
-0.029354902
-0.26288402
0.18364874
-0.2639802
-0.39820737
-0.18767041
0.12862904
-0.017305441
0.17092235
0.23356144
0.41528222
0.020200899
0.003021807
0.37334052
-0.029725648
0.07964016
-0.17904213
0.11929073
0.33663234
0.163377
0.12704612
0.3772293
0.2880135
0.27533418
0.75827754
0.7856225
-0.07963262
0.16586334
-0.14680657
-0.10291136
-0.44045955
-0.5307467
0.13633631
0.11683462
0.10351028
0.11092273
0.11779328
0.05210858
0.1772474
0.18624303
0.046200708
-0.99168545
-1.141792
-1.0799227
-0.79037565
-1.2878973
-0.81016093
-0.6422523
-1.0000087
-0.6947353
-0.65389
-0.65538734
-0.87567246
-0.6699658
-0.8231902
-0.8769296
-0.875931
-0.6111075
-0.73692507
-1.1786937
-1.147328
-0.47842872
-1.1052136
-1.2385281
-0.77496845
-1.0435137
-0.8716936
-0.37266418
-0.49886394
-0.6320098
-0.7789
-0.5844766
-0.45688742
-0.44449353
-0.6369694
-0.68450224
-0.48450023
-0.6055409
-1.0948178
-1.0965824
-0.63225996
-0.87271845
-1.1120964
-0.57956415
-1.0144422
-0.90102184
0.279207
0.11955474
-0.07335389
0.22492012
0.113879785
-0.06586845
0.2655619
0.21244903
0.25005603
0.084891714
0.2545859
0.30676427
0.0079515185
0.3563064
0.2502363
0.018610064
0.114322715
0.23422888
-1.1518412
-0.96323365
-0.90644175
-1.0099057
-1.2572228
-0.9867456
-0.8633959
-0.9640498
-0.73420346
-0.107578285
-0.14349352
-0.38020688
-0.009751736
-0.07260892
-0.22487874
-0.3490235
-0.28752333
-0.42653123
0.34032834
0.48798582
0.40869296
0.48372656
0.5982677
0.33762226
0.23410387
0.6118824
0.29075325
-0.15295333
-0.20269364
-0.76923466
0.20988831
-0.11248236
-0.4618077
0.15437913
0.2991498
0.13734382
-0.07003948
-0.056421082
-0.31659532
0.17741573
0.13794132
-0.054903194
0.042099427
0.11479546
-0.097515084
0.24362913
0.12913507
-0.6056343
0.33064443
0.083177544
-0.46084303
0.25332534
0.30588546
-0.10918236
0.14598611
0.1473727
0.13143511
-0.25890288
0.095032275
0.36154994
-0.5605171
-0.24319847
-0.23501524
-0.5917775
-0.6818798
-0.6689404
-0.3460638
-0.34690124
-0.59471816
-0.41363963
-0.4354541
-0.3940833
0.4078092
0.33430192
0.22820404
0.33938736
0.35573345
0.05011624
0.11190388
-0.04668261
-0.16890387
0.039362177
0.27751303
0.37746787
0.079869635
0.3977131
0.5115127
0.084866166
0.28510132
0.4449835
-0.28527182
-0.41522366
-0.19538583
-0.03186667
-0.054034118
0.12803458
-0.0013296223
0.29703957
0.3319792
0.2935389
0.6109569
0.7809072
-0.13147065
0.2089825
0.24533793
-0.38709545
-0.49912778
-0.46040782
0.22412331
0.24758995
0.29056573
0.03472286
0.352715
0.13249591
0.24861306
0.42564175
0.18435456
