60
0.27022052
-0.025168914
-0.106405064
-0.33610764
0.21413626
-0.1668354
-0.21061681
0.91436875
-0.010705461
1.0869169
-0.8487399
1.160244
-0.80092734
0.07657376
1.1304749
0.06114869
-0.04407622
0.13837229
0.30071643
-0.7876361
-0.17765766
-0.76119214
0.3467459
-0.036694918
1.1998266
-0.074601956
-0.8191994
-0.37755528
-0.30601075
-0.15681043
0.3078226
-0.5572895
-0.040569466
0.5865458
0.097606316
-0.2774476
-0.9132807
-0.9587266
-0.121953644
0.27846926
0.3849306
-0.34752262
0.44613323
-0.45410275
-0.59562546
-0.14874716
0.0973323
-0.35444078
0.25597593
-0.3826171
-1.2465478
0.6462769
1.514534
-0.07512123
0.79689085
0.26491576
-1.0118232
0.30629233
1.51197
1.0822423
