60
17
0.018424112
0.120319165
3.9100254e-05
-0.045294937
-0.008763638
-0.0075500794
-0.010927038
-0.013555765
-0.0281366
0.14069988
2.0835661e-05
-0.046659026
-0.0005859925
-0.022216704
-0.0313573
-0.027851969
-0.032704666
-2.4046653e-33
1.8917569e-33
-5.2248342e-06
2.255476e-33
-2.1002646e-33
-2.5772914e-33
-2.0767431e-33
1.9480313e-33
-2.2424895e-33
1.1358858e-33
-1.8878335e-06
2.2940303e-33
-2.2409613e-33
2.227599e-33
-1.57541e-33
2.4659432e-33
-1.5786772e-33
-0.02386783
-0.029163662
2.2657678e-06
0.010219758
0.10152755
-0.046408128
-0.049624413
-0.017540405
0.049118385
-0.012065867
8.279001e-06
0.0013689778
0.07311901
-0.033442095
-0.04081161
0.005309513
-0.004651987
0.037279643
-0.0021694042
-1.549857e-06
-0.024422133
0.0050474843
0.03572212
0.007092255
-0.0019350908
-0.0102412775
-0.0045604673
-8.27464e-07
0.0014870694
-0.006555895
-0.012902308
-0.005774405
0.04191448
0.00048492357
0.032809477
0.010773787
5.2374304e-05
-0.09725304
-0.015653977
0.08559938
0.0031247379
-0.016916499
-0.031746373
-0.0192887
4.594185e-05
-0.077279344
0.016890833
0.08315331
-0.012768405
-0.002501402
-0.008883613
-0.0271953
-0.023732344
0.0002618747
0.0073036957
0.010854089
0.029353982
0.0022677989
-0.042201728
-0.050841294
0.010561994
0.00024973624
0.0042086914
0.087431565
-0.05380381
0.07613491
0.014338786
0.0452418
0.08808792
-0.00995802
6.543055e-05
-0.035033766
-0.020580025
0.00048278994
-0.02348849
0.04133202
-0.012217158
-0.007304628
5.97331e-05
-0.030640207
-0.04554526
0.005010774
-0.050002832
0.06411557
-0.0025274486
-0.08515092
0.043140125
0.00035615946
-0.0019044157
-0.041620888
-0.02822288
0.04110233
0.018244771
0.0174583
0.035074797
0.00035293782
0.02159167
-0.049827166
-0.02052982
0.052604478
0.006450748
-0.02514624
2.43448e-33
1.910041e-33
1.0098815e-09
-2.4621699e-33
-2.1793531e-33
2.4344505e-33
-2.2794894e-33
2.2051694e-33
2.4902684e-33
2.448686e-33
-3.3534498e-08
2.4013495e-33
-2.3262888e-33
2.3041278e-33
-2.1468896e-33
-2.349442e-33
-1.9761054e-33
-0.028587228
-0.043353964
2.2970562e-06
0.0074152616
-0.014471095
-0.019903086
0.17313676
-0.06708111
-0.019248588
-0.0021757295
3.1764284e-06
-0.0009257
-0.010393017
0.0059199193
-0.023843082
-0.0029701588
-0.002919309
0.08017676
-0.07989002
0.00025359512
-0.06454859
-0.06178183
-0.046883814
-0.049459156
-0.06023864
-0.072069705
0.05968162
0.0002911758
0.09156196
0.07183581
0.081900276
0.024050085
0.078130305
0.04291551
0.035244938
-0.039511062
2.1046311e-05
-0.030968508
-0.04432277
0.027779594
-0.01767208
-0.02863614
0.119707
-0.022201717
1.7213799e-05
-0.008996916
-0.023367815
-0.0075449087
-0.05082917
-0.032236293
0.116037056
-0.006405443
-0.0020082481
3.593924e-07
0.03254459
-0.0073566264
0.03399517
-0.014882819
-0.0075646862
-0.0038300063
-0.005107525
1.6705465e-06
-0.0022395612
-0.004233557
0.005716329
-0.0040041017
0.008677149
-0.0044451375
-0.009140693
0.006454848
-6.2241443e-06
0.0006089422
0.0038627754
0.0017780823
-0.00024905527
-0.008713777
0.0024160212
2.6732178e-05
-7.1702143e-06
-0.0026952305
0.004463488
-0.009534091
0.0045963502
0.012247109
0.011771618
-0.003738657
0.0011478724
-8.741712e-07
-0.0007344982
-0.0035688055
-0.00013178124
-0.0033236681
-0.002245851
0.0030274885
0.00020889138
6.863281e-07
-0.004637468
0.00090235705
0.0046443706
-0.0032346635
0.0016605606
0.0081353225
0.008991243
-0.029752674
-4.7275175e-06
-0.02646198
-0.01981786
-0.023595173
-0.0020332527
0.12173776
-0.029812884
-0.030382762
-1.8478245e-06
-0.01806135
-0.030300707
-0.011642727
-0.0004387648
0.114306785
-0.020894058
2.0362119e-33
1.960911e-33
1.4737055e-33
1.8291708e-33
2.0114154e-33
-2.0006666e-33
1.9623271e-33
1.9580259e-33
1.8448069e-33
-1.991862e-33
-1.0735261e-33
2.128155e-33
-1.7875449e-33
-2.1477786e-33
1.839253e-33
1.91512e-33
-1.7111594e-33
-0.00045574238
0.0011579662
1.0277553e-07
0.0051343166
0.01009549
-0.008644218
0.0009255332
0.0057993713
0.0014651198
-0.0005928205
6.58115e-08
0.0005367566
-0.0024215416
-0.0015312273
-0.0006815542
-0.0019646578
-0.0031387627
0.019066127
-0.025777258
0.00019816609
0.08454736
0.038293935
0.06912969
0.009711611
0.0325927
-0.031345297
-0.015500043
0.00020008217
0.010258561
-0.01999298
-0.011821769
-0.03493783
-0.017767258
-0.005516479
0.0710213
-0.014631185
1.4252801e-06
0.0031575812
-0.015189864
0.02369835
-0.011526908
0.0033483466
-0.021527471
0.0004143355
3.6197853e-06
0.0014081536
-0.0007799037
0.006018912
-0.0075787078
-0.01133916
-0.010829112
-0.0037492989
0.0034264615
4.029632e-08
-0.006288151
-0.0011188855
-0.0050228303
-0.0009247687
-0.0034411272
0.00549962
-0.003291608
7.293713e-08
-0.0013974662
-0.0031655936
0.018916203
-0.0035488443
-0.0033039888
-0.0026720676
0.0024296902
-0.003350177
0.00056235667
0.0946862
-0.05062332
-0.0011838584
-0.025788996
-0.01455579
-0.018504355
0.015034176
0.00054455624
0.04323099
-0.04036566
0.023206161
-0.012043726
0.0003961702
-0.008973413
-0.033849787
-0.0039257924
0.00027076667
-0.010225238
-0.01745579
-0.011055218
0.121815674
-0.019716123
0.014743042
-0.0048722415
0.00027497386
-0.015486265
0.0049588424
-0.019846335
-0.004179533
-0.013371879
-0.0010277845
2.368488e-33
-2.1279792e-33
1.4573955e-33
-2.3236829e-33
1.4816605e-33
-1.9384078e-33
1.6504341e-33
1.807673e-33
1.6471837e-33
-1.4158489e-33
-2.8981343e-33
-4.5376906e-34
-9.412473e-34
1.742732e-33
-3.486738e-34
6.9392122e-34
1.816901e-33
0.03590348
0.08151937
2.2763837e-05
0.05602281
0.05597592
0.047794376
0.04438326
0.061971117
0.089613296
-0.10163841
2.975265e-05
-0.06526759
-0.054173235
-0.06334682
-0.11421907
-0.04377103
-0.08180316
0.04607045
0.12860921
1.1692831e-05
-0.022750145
-0.0046112463
-0.014978952
-0.02022465
-0.03464121
-0.056734912
0.12943083
1.526236e-05
-0.015249411
-0.024229832
-0.012670282
-0.039964434
-0.021478005
-0.02189536
0.020882986
-0.02538605
0.00021816482
0.002645509
-0.026403971
0.026106544
0.085294075
-0.005596463
-0.025033252
0.014779866
0.0002229842
0.011001766
0.027347285
0.01602689
-0.031296737
0.01328236
0.0072623454
-0.02322401
-0.0058563314
4.5751667e-06
0.011083249
-0.007000387
-0.015362561
0.022806035
-0.010985579
-0.02044765
0.0717707
-1.0258682e-06
-0.0004034118
-0.012619905
0.011719134
-0.023311276
0.0060719396
0.0014337011
-0.006051963
-0.034441512
-3.3213197e-05
0.00393247
-0.011625394
0.06729936
-0.0014208556
-0.011607105
-0.019524978
-0.013184333
-2.6094802e-05
0.07396084
0.004974726
-0.012072432
-0.0056262407
-0.011618718
-0.014553494
1.8606059e-33
-2.1466343e-33
-2.5351358e-33
1.8018997e-33
1.8524849e-33
1.8437138e-33
2.2289715e-33
-1.747414e-33
-1.7270633e-33
2.0870179e-33
2.5743943e-33
-2.2313406e-33
1.8066933e-33
1.8038034e-33
-1.991883e-33
2.1469826e-33
-1.829883e-33
0.0009970904
0.00425355
-2.187046e-07
-0.0019424524
0.008108874
0.0038917167
-9.25222e-05
-0.0033208288
-0.0070672017
0.0035348656
1.9502622e-06
-0.0067660296
-0.0054905526
-0.005026842
0.006224436
-0.0011251541
0.0064938837
0.03742055
-0.029460683
2.1299184e-05
0.018195372
0.032695808
-0.018935196
0.01120033
-0.007132821
-0.024077477
-0.022090718
2.2177748e-05
0.055600796
0.024479743
-0.027769083
-0.003783793
0.014131789
-0.011458005
1.989796e-33
1.4053343e-33
8.326173e-34
2.122373e-33
1.8634858e-33
-1.8069837e-33
2.0804287e-33
1.8845413e-33
-1.1650036e-33
4.475541e-35
-3.0605465e-33
1.9318302e-33
-1.9470363e-33
-1.4647224e-33
-3.478383e-33
-1.9899753e-33
3.676116e-33
0.0048296866
-0.0052895234
3.7046434e-06
0.010505586
-0.004609782
0.0012310585
-0.0018109799
-0.0037229315
-0.010735879
-0.0053697713
3.4517802e-06
-0.00395707
-1.8929331e-06
0.0006986734
0.0022743267
0.0054487907
-0.0012007263
-0.0030139599
-0.0017589733
-3.1567095e-05
0.0008449848
-0.00129147
-0.0019531336
0.00039596835
0.0005114005
0.0017543512
1.4852598e-05
-3.3291413e-05
-0.0010343107
0.002261702
0.0001594925
0.00038056128
0.0012552325
4.8057707e-05
-2.2421787e-33
1.9620804e-33
2.0404172e-33
-2.0579909e-33
1.3957608e-33
-1.9508714e-33
2.202099e-33
2.2137929e-33
-1.6974647e-33
-1.841026e-33
-3.1923664e-33
2.0709808e-33
-1.895741e-33
-2.1851883e-33
-1.5736488e-33
1.9597517e-33
-1.6285835e-33
-0.024422329
-0.0038876466
6.414202e-07
0.022704013
-0.017217785
0.06392639
-0.046599437
-0.02020667
-0.00040560894
-0.025806727
2.062187e-06
0.050372247
-0.0060784915
0.069357775
-0.006375966
-0.007530247
-0.034489363
0.021179559
0.018416807
-2.7640644e-06
0.106653936
-0.06041456
0.034940153
-0.039274693
-0.024947269
-0.018260773
0.027946245
-1.6829154e-06
0.08673359
-0.04257286
0.037760448
-0.029993596
-0.020962268
-0.012772343
-0.026049152
0.0093884375
-2.2227343e-06
-0.006956266
-0.0077093667
-0.0072876033
0.0018962416
-0.005085412
0.009514984
-0.01434613
-6.515388e-07
0.02054056
-0.005235801
-0.004796337
0.0012674247
0.05790896
-0.009855758
0.0019005449
-0.002066727
-7.182568e-15
0.0028302034
0.0009128973
0.0019334526
-3.5178222e-05
0.000471097
0.0006040818
-0.008653463
-4.0405403e-15
-0.0009906812
-0.0003949996
-0.00483167
-0.0005757715
0.005551786
0.0040399907
-0.0031762633
0.00016588483
-3.1056572e-07
0.00088362605
0.000959741
0.004525759
0.00067621144
-0.00059688906
0.0019175613
0.002136281
-8.4316e-07
0.000444256
-0.00052537443
-0.002124832
4.5324807e-05
3.068873e-06
-0.0010406985
2.0213771e-33
-1.6986255e-33
3.0731537e-34
1.753153e-33
1.8389764e-33
1.7663647e-33
-1.9098929e-33
1.7307927e-33
3.3888617e-33
-2.3283557e-33
4.1156526e-33
1.7798083e-33
1.935375e-33
1.8332115e-33
1.6829498e-33
-1.930445e-33
2.3827842e-33
-0.0060066986
0.0049909535
-2.8840113e-06
-0.0058998545
0.007971814
-0.00013443855
-0.0028959692
-0.0017632099
-0.00042308334
-0.0066642724
-3.9501215e-06
0.006650118
-0.0057939957
0.014203976
-0.0030840752
-0.0022637586
-0.0031185974
-2.1592358e-33
-2.1385879e-33
2.4938877e-33
2.0067364e-33
1.8938838e-33
2.0048131e-33
1.9316467e-33
1.8951382e-33
1.969517e-33
-1.936096e-33
-2.0029307e-33
-2.2901695e-33
-2.0550231e-33
2.2107592e-33
1.285471e-33
2.0492233e-33
2.3120023e-33
2.275075e-33
2.3083464e-33
5.04363e-10
-2.2630309e-33
2.2936795e-33
2.1663942e-33
1.979411e-33
2.0220725e-33
2.1303875e-33
-2.323538e-33
-8.052623e-07
-2.0791611e-33
-1.9199895e-33
2.0830928e-33
1.7951492e-33
-2.2756575e-33
1.6658217e-33
2.0153347e-33
2.1326944e-33
2.7926396e-33
-2.1360246e-33
-2.076742e-33
1.9248647e-33
2.2219045e-33
-1.8977414e-33
-2.0571102e-33
-1.7097152e-33
-4.667947e-34
2.2463021e-33
2.0638803e-33
2.1193465e-33
1.6036074e-33
1.8444039e-33
1.6990557e-33
0.016029902
0.0031244713
1.6614613e-06
0.020183185
-0.018254196
0.013258222
-0.013729687
0.00864352
-0.008445885
-0.020412698
-3.2466414e-07
-0.0024768922
-0.008988411
0.032944117
-0.015470646
0.012393456
-0.015183813
-0.0092536565
-0.0033230386
-2.8687798e-05
-0.0042881407
-0.014565748
0.0034169848
-0.012459042
0.006765883
-0.00031120674
-0.005314907
-2.6409285e-05
0.007234195
-0.004149965
0.029765235
-0.015785584
-0.005585178
0.026549615
0.04216591
-0.03409377
-9.159412e-06
-0.02980353
-0.017404292
-0.021245765
-0.010521179
0.085658185
-0.020981163
-0.0025105255
-1.341183e-05
0.017484484
-0.018577859
0.0012451734
-0.004488794
0.01859854
0.0038415655
2.2737014e-33
-2.2534218e-33
1.0233848e-06
2.4083607e-33
2.3875438e-33
2.1887433e-33
2.3097698e-33
2.107949e-33
-2.1521123e-33
-1.1342572e-33
-1.5331077e-08
-2.3354092e-33
2.3300037e-33
2.3646044e-33
1.9840978e-33
2.2973463e-33
-4.059796e-33
-0.0073422873
-0.013679179
0.00051220984
0.04047666
0.03997266
0.036607802
-0.023598228
-0.026209868
-0.013918385
-0.011487206
0.00052700273
0.041245766
0.033901926
0.003553056
-0.006609365
-0.01342617
-0.017023396
0.0078051025
-0.0021169907
-4.83219e-06
-0.04927464
0.07241665
0.022149572
-0.015334487
0.013683538
-0.054573175
0.011780825
-1.2223216e-05
-0.03690556
0.050849054
0.0122353
-0.02679586
-0.010297325
-0.03579355
0.066878624
-0.041228123
-9.397968e-06
-0.0133122355
-0.021840699
-0.024643477
0.0801874
-0.0039542783
-0.03495273
-0.00047711135
-5.1766547e-06
-0.044857204
-0.03519988
-0.006440949
0.086438045
-0.030115427
-0.04375849
1.9315855e-33
2.0068264e-33
2.965302e-33
2.2008933e-33
-1.8841779e-33
2.0925656e-33
-1.8628312e-33
1.668525e-33
1.7740623e-33
-2.1500684e-33
-2.6037788e-33
2.0072231e-33
2.3783408e-33
1.9868042e-33
2.1103354e-33
-2.0865155e-33
-2.2381662e-33
-0.0058878073
-0.00060086744
4.351524e-05
0.00045751012
-0.0022886859
-0.0031399282
0.005988577
0.0034565192
0.011766028
-0.010144978
2.3714747e-05
0.0026498917
0.004945143
-0.008631791
0.001885268
0.0033594803
0.006651362
-0.033138
-0.017683057
-3.562282e-05
-0.03436918
-0.023263602
-0.021006826
-0.030357445
0.12143556
-0.026674757
0.005862434
-3.353399e-05
-0.016697755
-0.03545975
-0.014745565
-0.02146015
0.124340825
-0.023829253
0.08744831
0.038226083
-6.7865976e-06
0.0011779611
-0.017362583
0.032384306
-0.030746527
-0.043336526
-0.026457606
0.029628487
-8.639774e-06
0.009527492
-0.01944299
0.027381571
-0.022261353
-0.011487407
-0.026029462
-0.050763927
-0.0007985034
0.00057235523
-0.025499573
0.093747854
-0.017647475
0.005799172
0.002501624
-0.013934655
-0.017104339
0.0006019819
-0.022990877
0.06743309
-0.024328046
-0.008703597
-0.02950459
-0.010054412
0.004687033
-0.020641916
-2.3190046e-06
0.004567513
-0.031046765
0.030328734
0.06341448
-0.02470035
-0.034463927
-0.033215865
-7.522958e-07
-0.0373587
-0.03188156
0.054601207
0.125474
-0.024685433
-0.049404994
-0.038436525
-0.003002499
0.00042499052
-0.009923472
-0.040085964
-0.04212789
-0.014078315
-0.024585111
0.06962397
0.004020701
0.00044610005
-0.007581276
-0.027601052
-0.018508447
0.042046726
0.0022272586
0.104762636
