3
6
5
5
0.3015003
0.2584353
0.3845322
0.58488286
0.4397739
0.48433352
0.28015444
0.4329217
0.55385554
0.5131641
0.3334524
0.39282963
0.46899757
0.4610968
0.32894525
0.40338525
0.5031329
0.54660857
0.4917086
0.5010252
0.27141795
0.15103278
0.45613813
0.53352374
0.39891866
0.22593908
0.0074578384
0.07243381
-0.31658348
-0.45609486
0.6657347
0.43578202
0.2259229
0.25317055
0.047389515
0.759766
0.59849524
0.7099146
0.6105285
0.29998177
0.66664445
0.520914
0.49565497
0.51386696
0.17360175
0.39020413
0.1775918
0.21097258
0.12704743
0.10621034
0.23115198
0.09383551
0.11673044
0.060215097
0.11240529
0.14612322
0.18747598
0.27993518
0.00043509636
0.14647266
0.42917475
0.26673952
0.31632823
0.18382415
0.2912133
0.1575803
0.025657002
0.17244281
0.0346849
0.026017906
-0.19053991
-0.18073665
-0.15943718
-0.14084025
-0.12692684
0.45097548
0.118030205
0.20552519
-0.09669064
-0.09782541
0.18803364
0.08892327
0.03678401
-0.09187331
-0.010925554
0.29695415
0.19868326
-0.038770918
0.06958438
-0.09038154
0.5517499
0.48117983
0.23354615
0.15764764
-0.051869255
0.563971
0.2696221
0.41961366
0.23106326
0.048328068
-0.031327996
0.024170347
-0.25757745
-0.021374922
-0.35973585
0.111045815
-0.013824566
0.10509719
-0.09252843
-0.15322953
0.15868334
0.08606044
-0.020219484
-0.1837087
-0.093284786
-0.005495545
-0.06355272
0.0016288885
-0.07008707
-0.048165593
0.11098194
0.10028847
-0.045415927
0.012728819
-0.19648464
-0.017927846
-0.10165007
-0.17844544
-0.23518772
-0.19331428
0.119326875
-0.09597073
-0.16969785
-0.1223454
-0.30419782
0.10812913
-0.14058906
-0.06364587
-0.07417193
-0.123642005
0.02033051
-0.08795881
0.11063806
0.06804873
-0.16081087
-0.040497426
-0.02123919
0.059571203
-0.008444229
-0.10981578
0.31134707
0.43097228
0.5014978
0.5461915
0.29260632
0.21437392
0.3937259
0.48940805
0.5695633
0.40109754
0.31336787
0.45213357
0.43334106
0.67639476
0.6570134
0.33579856
0.30569106
0.4566791
0.49997357
0.5982897
0.22746575
0.18761866
0.30631077
0.39907268
0.3891762
0.9274049
1.108188
1.0077028
0.85940677
0.51505613
1.6752025
1.8495333
1.8249736
1.5901711
1.0880847
1.5936617
1.8841583
2.117213
2.0640578
1.4913833
1.277418
1.5619473
1.6958015
1.846642
1.4297383
0.686422
0.7896392
1.0387449
0.9921424
0.979487
0.6885602
0.76427644
0.8683188
0.9787844
0.8346287
0.7941677
1.0013019
1.222351
1.279704
1.173713
0.8278417
0.83642143
1.2830371
1.2183702
1.0214506
0.41625565
0.67349213
0.9192022
0.78582466
0.83388853
-0.012330216
-0.0058594593
0.18974702
0.37292042
0.49298993
0.2644609
-0.1633073
-0.30383894
-0.7522832
-0.8703495
0.2266574
-0.0529991
-0.29176247
-0.7016634
-0.6957959
0.44330296
0.07802572
-0.077884205
-0.31199577
-0.5756013
0.54287916
0.27924374
0.020121263
-0.24605007
-0.345497
0.40988842
0.34038734
0.13391459
0.034736495
-0.107932374
-0.01648821
0.098314196
-0.057668082
-0.18930447
-0.1436279
0.15652554
0.08467764
0.042240806
0.11561883
-0.1049091
0.21143855
0.33901173
0.22238292
0.058957748
-0.006407186
0.22227289
0.27372935
0.09783881
-0.05360763
-0.04525313
0.29957104
0.097541764
0.1430422
0.021346437
0.03619057
0.037414763
-0.027447525
-0.30117655
-0.2529051
-0.18484361
0.06526681
0.05084195
0.21879502
0.07944628
0.0036080522
0.14112476
0.12835275
0.1597828
0.07743355
0.1767594
0.20936348
0.21404688
0.234011
0.16915253
0.08889237
0.066531606
0.16982985
0.063714616
0.084249385
0.10153181
-0.077367336
-0.19434659
-0.04541827
-0.048206013
-0.17829472
-0.024384774
-0.14170562
0.017547656
-0.22476561
-0.0735886
-0.10762264
-0.012081594
-0.18039836
-0.00070920924
0.03764785
-0.06078007
-0.17012398
-0.19057032
-0.15583311
-0.08614046
-0.1313128
-0.18630888
-0.152617
-0.18415087
0.05952437
0.4030451
0.4589462
0.25051385
0.15964764
-0.3864533
0.9017842
0.8464178
0.8551017
0.64702535
0.33528936
1.0730287
1.0459648
1.1625811
0.8628387
0.5264356
0.7352801
1.0481635
0.7178221
0.77233493
0.5306685
0.20779832
0.51398116
0.53565437
0.28524378
0.18829647
0.4519343
0.49971005
0.41549295
0.28400254
0.30147806
0.6656174
0.72065324
0.75676256
0.811622
0.56127834
0.566799
0.59498495
0.80727404
0.7348441
0.87198
0.48379025
0.56694293
0.46379778
0.6374821
0.5212655
0.10451265
0.17129745
0.23697658
0.1459809
0.24165235
0.021564156
-0.07953304
-0.25271338
-0.50586313
-0.52436024
0.066543855
0.1724888
-0.24804063
-0.4037244
-0.46363902
0.29275754
0.26101267
0.005139931
-0.3794945
-0.31013346
0.35726404
0.29669356
0.13256884
-0.04343009
-0.28440508
0.41373625
0.45282012
0.3644559
0.1136804
-0.05663462
0.46312818
0.44683367
0.40411735
0.3567215
0.1542061
0.5271821
0.47558558
0.55294394
0.43220073
0.33923677
0.6671518
0.5392616
0.63064146
0.5007281
0.2412492
0.6105685
0.7244414
0.5489937
0.5670846
0.34517124
0.6061078
0.6733156
0.6441289
0.56150943
0.3526288
0.42571455
0.28540522
0.36094797
0.10569409
0.14305398
0.4860178
0.44308323
0.54096526
0.32427347
0.3039715
0.48618338
0.6424585
0.6221691
0.55195665
0.2704544
0.583359
0.6860904
0.4690735
0.48716253
0.44238424
0.45955902
0.36841935
0.6193607
0.5514375
0.38416246
