6
10
3
3
0.071110465
0.3372745
-0.0277929
0.008847755
0.043522183
-0.118847415
-0.4525551
-0.33837274
-0.22141755
0.41529262
0.42201293
0.16656727
0.41094354
0.44295925
0.27508953
0.5616998
0.46932176
0.05414452
-0.03948721
0.07704435
-0.08237597
0.028078182
-0.054833326
-0.011594891
-0.1618545
0.047925122
-0.049651477
-0.060101137
0.044983108
-0.24240828
-0.124838635
-0.1209309
-0.25317103
-0.17261189
-0.30332553
-0.2956513
0.23227645
0.40558133
0.3914687
0.42657638
0.6200001
0.49074656
0.507248
0.46907437
0.48859444
-0.34393734
-0.5284899
-0.5122113
-0.061851274
-0.04185479
-0.299608
-0.040058654
0.12119677
-0.20020053
0.053866014
0.083544314
-0.36872146
0.21293479
-0.21789667
-0.608852
0.004559546
-0.28948918
-0.48107922
0.10359025
0.0002256908
-0.1385493
0.22200558
0.011108581
-0.32109767
0.0944347
-0.11550142
-0.2547113
0.34982818
0.41812617
0.301385
-0.016321365
0.16957188
0.057348654
-0.4008096
-0.37981793
-0.15325178
-0.476012
-0.42835566
-0.54205066
-0.22557063
-0.2841748
-0.4702012
-0.056479257
0.14024606
-0.19605607
0.4532899
0.6890026
0.5453521
0.070705935
0.35757923
0.20558551
-0.24277513
-0.09526665
-0.22885619
0.22041494
0.15102984
-0.055025306
0.22998369
0.15587273
-0.12473567
0.08843747
0.11608092
-0.08923203
-0.105248466
-0.12832105
-0.13031992
-0.083495095
-0.04745062
-0.066364825
-0.17283
-0.09879976
-0.10167461
0.017204857
0.16224511
0.10225611
0.096413605
0.29521194
0.09397438
0.16957252
0.1508713
0.0803161
0.059150327
0.05372543
0.21672109
0.29666653
0.21981682
0.35783872
0.28710312
0.048783313
0.18002747
0.027093831
-0.19836426
-0.43050426
0.3478201
0.34715563
0.09037878
0.56602854
0.4142497
0.1791122
-0.17291865
0.093084045
-0.04808444
-0.036410443
-0.09180044
-0.20586458
0.13953985
0.11597985
-0.3254582
0.055426076
0.07669468
-0.041975364
0.3375914
0.23292428
0.06493256
0.35506448
-0.008438596
-0.24855529
0.23620488
0.6478135
0.7687898
-0.22554605
0.30499333
0.36211568
-0.47554836
-0.36143282
-0.27609032
-0.13265932
-0.4767266
-0.3904904
0.3675152
0.06101719
-0.18708478
0.25779772
0.32340005
0.19130266
0.3239552
0.52307296
0.44658634
0.27616742
0.37071875
0.19972959
-0.11097916
0.03450359
-0.0069196494
0.17107676
0.05559781
-0.06608107
0.16693443
-0.091853715
0.0328094
0.10388813
-0.17285794
-0.14327045
-0.075015515
-0.007931017
-0.119031504
-0.17078494
-0.015840206
-0.18719421
0.012954114
0.1335205
-0.090049155
0.17282616
0.20106953
0.2389198
0.12042719
0.1697862
0.14003949
0.022501888
0.10553602
0.045660377
-0.03819584
0.08455444
0.15432753
0.06332971
0.14677876
0.08949417
0.18556829
0.15546913
0.15620084
-0.019771567
-0.37381944
-0.3693981
0.35163623
0.07061954
-0.21278699
0.6511957
0.35483286
0.14350237
0.006312081
-0.004192473
0.022555053
0.106081866
0.07513952
-0.30504137
-0.04291061
-0.0011353197
-0.26881406
0.01788212
0.22580819
0.022351822
0.17590825
0.16303533
-0.2782831
0.4501227
-0.037199862
-0.1527335
0.38972998
0.7621093
0.61923206
0.17871337
0.43110844
0.4892001
-0.2739538
-0.032740016
-0.034071263
-0.29591087
-0.15973596
-0.20568694
0.075259455
-0.19305205
-0.09039573
0.42397773
0.31904143
0.047349527
-1.1075754
-0.16761653
0.6898884
-1.3936013
-0.7901528
-0.08265396
-0.95206
-0.6234633
-0.43177074
0.51326907
0.49245164
0.76903194
0.4812101
0.43516493
0.7035826
0.43279764
0.30054066
0.509823
-0.09769943
-0.047172923
-0.03560924
-0.118521824
0.03537006
-0.20022191
0.047042716
0.07390984
-0.036959525
-0.4545063
-0.097108245
0.28041095
-0.600697
-0.3914056
0.25725383
-0.4061593
-0.4586742
-0.065261655
0.041067872
0.13879137
0.26468438
-0.17997754
0.011243186
0.20519227
-0.13430446
-0.15580441
0.13205786
0.7385211
0.5223245
0.5355084
0.40138456
0.7178665
0.85551447
-0.5888901
0.102485135
0.49239093
0.4850239
0.57002926
0.7402767
0.50246435
0.8322915
0.81741095
0.6497205
0.8775385
0.9507966
-0.28000572
0.121466376
0.3999661
-0.22023639
0.029746534
0.64469624
-0.25691906
-0.07858602
0.32642734
-0.97373646
-0.2221206
0.3073709
-1.4772344
-0.847976
-0.5162045
-0.607518
-0.7118273
-0.91900945
0.90150315
0.6798744
0.20044814
1.0306519
0.957191
0.6646162
0.35499233
0.4351052
0.61387616
0.11577641
0.502704
0.646434
0.060466763
0.3949998
0.22754827
-0.14353018
-0.092401184
-0.14057003
-0.119394585
-0.06687154
-0.285464
-0.064670675
-0.08022816
-0.22565757
-0.16904017
-0.3427233
-0.21546642
-0.08826039
0.097438574
0.08898054
0.007921326
-0.01266404
0.085284576
0.17562705
-0.07700497
0.13480955
0.1812881
0.31723708
0.39173913
0.22516476
0.25224692
0.4035541
0.04916782
0.11262727
0.21446565
-0.3046322
-0.10750579
-0.099299304
-0.091926515
-0.023925629
0.09388373
-0.13870822
0.09644345
-0.06910217
0.29110348
0.14661948
-0.11349992
0.66074026
0.47929487
0.13019368
0.5484531
0.43423665
0.39348957
0.11383729
0.17940976
0.21776602
0.23966587
0.41381705
0.23935798
0.42995864
0.33081675
0.40653107
0.13016869
0.23806167
-0.102718644
0.239829
0.28153414
-0.09462699
0.3743536
0.2701523
-0.27958107
-0.062325023
0.62973565
0.8248041
-0.1173519
0.37410748
0.489574
-0.30534
0.017673558
0.0025768795
0.47694823
0.26154214
0.15913524
0.63864595
0.45466208
0.37683943
0.38343078
0.438374
0.7064834
0.37848333
0.8407346
0.60672337
-0.15700765
0.41434583
0.38846618
-0.27775544
0.10202626
-0.07736604
-0.10170512
-0.25101253
-0.04917873
-0.24370998
-0.2697467
-0.25214368
-0.34410557
-0.44515383
-0.33053097
-0.12761715
-0.08921099
0.026450228
-0.075222656
-0.035632174
0.04319211
0.075450815
-0.0040105633
-0.007389021
0.04843028
0.27960843
0.34415242
0.16006209
0.30117226
0.43879178
0.10716682
0.36639684
0.30037287
-0.15615879
-0.118908785
-0.14646028
-0.2418975
-0.069988824
-0.1166867
-0.08807988
-0.13700373
-0.14183113
0.57649565
0.10255419
-0.038487677
0.5801292
0.6515447
0.18849479
0.57756764
0.6047512
0.38274878
0.17733043
0.15306428
0.32257992
0.18245403
0.29917368
0.28722107
0.23965132
0.4353915
0.28632063
0.3441974
0.055773415
-0.12071972
0.24638495
0.054145284
-0.031990483
0.19072586
-0.13254994
-0.23283686
0.2290503
0.68194544
0.64271414
-0.26356664
0.20949768
0.31153244
-0.5529285
-0.24399228
-0.29318306
0.37696815
0.16691178
0.1629706
0.52301455
0.50829697
0.4543052
0.51133096
0.600705
0.64041495
