10
14
3
3
-0.38880256
-0.25132442
0.07793681
-0.118519194
0.141904
0.0055172066
0.3415251
0.17466064
-0.18403393
-0.05139011
0.097780295
-0.11512573
-0.16970216
0.36541215
0.18194447
0.28339428
-0.1967584
-0.16272852
-0.00045957314
-0.2745596
-0.22805795
0.26354197
0.0033297553
-0.046207137
-0.16733295
0.0083332965
0.08604335
0.18293604
0.105507754
0.043646
-0.08759781
-0.3805715
0.028330466
-0.0262218
-0.21129522
-0.4827626
-0.37477934
-0.3119637
-0.31120303
0.14341988
0.26411334
0.16169177
-0.27115044
0.056766458
-0.064718656
-0.64663523
-0.14360802
0.24588221
-0.25012675
-0.17354867
-0.05126817
0.07363523
0.49195465
0.17687388
0.014412175
0.10797591
0.15111214
-0.03180822
0.19871436
-0.21236514
-0.42150313
0.05338418
0.10100411
-0.1753962
0.24939871
-0.048633907
0.20276494
0.29542425
-0.035407558
-0.07868494
-0.033625748
0.14057548
-0.08207759
-0.087444186
0.011398315
0.1875533
0.1173291
0.2006024
0.044918373
0.0062482124
0.062447883
0.022932358
0.043887563
-0.10054359
-0.10503579
0.055343885
0.21538815
-0.12751369
-0.15520789
0.019309305
-0.015315374
0.10295265
-0.50042826
-0.20068792
0.18228248
0.15910788
-0.1890549
-0.20595469
-0.027038503
0.0005062434
0.15706998
-0.39798558
-0.24048164
0.014392737
-0.3690153
-0.033582866
0.1436547
-0.1430895
0.15464258
-0.13659102
0.19413802
-0.053967655
0.20131394
0.21573149
-0.10373678
-0.10882435
0.22515969
0.21529368
-0.20816907
-0.12935804
0.034994427
0.08746157
0.081807055
-0.1563409
0.061344847
0.046450496
-0.44710767
-0.16190523
0.42184022
-0.41852307
0.098521344
0.20535664
-0.43869212
-0.009981102
0.33088854
-0.189238
0.12631515
0.0031432982
-0.22872701
0.086592756
0.058271784
0.24704374
0.08989737
-0.19820008
0.024340685
-0.021127619
0.23026769
-0.12034081
-0.024717562
0.12358696
0.13124567
-0.21274659
0.27076006
0.12652828
0.10312714
0.33404848
0.13895169
0.013615671
0.20107462
0.13588925
0.14782211
0.07708863
-0.07584883
0.047771737
-0.059434596
0.14797136
0.16851902
0.07565879
-0.020787338
0.1440426
-0.1441256
-0.064820275
-0.21237807
0.1660134
-0.11888307
0.048416957
0.14523134
-0.00632113
-0.0021179994
-0.028341433
-0.03321028
-0.06575058
-0.039427843
-0.2258104
-0.03857858
0.13025525
-0.037286974
0.27217656
0.28195748
-0.102826536
-0.080043
-0.06986504
0.004058188
0.008453782
-0.21182545
-0.20535012
-0.17923023
0.0027973813
-0.017577134
0.08089108
-0.08403023
0.0045106364
-0.19786665
0.00974587
-0.0852866
-0.36252993
-0.18966393
0.53078616
-0.14153291
-0.09309062
0.47111657
-0.18220936
-0.25201198
0.37838507
-0.20004898
-0.43327403
0.43089825
0.1550194
-0.009708465
0.1331964
0.010151295
0.18211395
0.22834535
-0.12180021
-0.03588786
0.13982745
0.21054484
0.13714772
0.17099062
0.19003357
0.19199915
0.14130673
0.11525469
0.2185507
-0.33638284
-0.16062394
-0.17002283
-0.32567674
-0.2504453
-0.254657
-0.43305436
-0.32448563
-0.06145
0.09831397
-0.1527166
-0.13750912
0.04530027
-0.12917536
-0.04165295
0.0901554
-0.08220521
0.05247631
0.06148599
0.039810006
0.062711515
-0.106735185
0.028536076
-0.031957936
0.048221063
0.095718704
0.06465577
0.052378364
-0.09043255
0.003218164
-0.11777345
-0.024263253
-0.096031405
0.05480158
0.012749686
0.15777399
0.13386182
0.19589971
-0.09897962
0.00049944635
-0.11575546
-0.056571476
-0.051489715
-0.11448157
-0.032407496
0.0948343
-0.07711067
0.031859078
-0.01757216
0.010798167
0.009514847
-0.025521403
-0.064688146
-0.14229001
-0.025577208
-0.042897448
-0.05579362
0.0027566464
-0.02127721
0.043872688
-0.08080264
-0.027415182
0.10750435
0.10644618
0.06411279
0.15430884
-0.07599778
-0.010153375
0.053318985
0.042860396
-0.1055539
-0.07970731
-0.18849039
-0.0075702257
0.029705793
-0.08659898
0.01595719
-0.09024279
-0.029136358
0.026686387
-0.08047978
0.05793156
-0.0058579603
0.02166531
-0.028572386
0.14927424
-0.03799827
-0.10308581
0.08795844
0.036103226
0.010446869
-0.033215087
-0.058391653
0.1458398
0.05201353
0.09346784
-0.09197432
-0.004286192
-0.0049132146
-0.051785056
-0.014144405
0.09732619
0.022546772
-0.11754872
-0.037726186
-0.08870397
0.023351507
0.097558275
-0.0063094026
0.020741317
-0.15955539
0.17015296
-0.0081920475
0.10836046
0.07767211
0.10258347
0.02482531
0.09715771
0.18890877
-0.010858973
-0.036665887
-0.012647579
0.07424324
0.08211928
-0.14054506
0.19513571
-0.1650568
-0.08186008
-0.11336593
-0.060506213
-0.15312569
-0.026846234
0.03593094
0.046296306
-0.09273614
0.14962943
0.049459245
-0.1313232
0.004431142
-0.0035407785
-0.18913111
0.042179905
-0.14904761
-0.15323746
-0.2690032
-0.06645625
0.037985604
-0.0059591318
0.20012796
-0.20473039
0.07867571
0.11082169
-0.05300452
-0.10315051
0.22427034
0.14469744
-0.027607094
0.28505895
-0.09739974
0.20364533
-0.2577357
-0.3215277
0.19812211
-0.2082804
-0.052595265
0.23693486
-0.1534401
-0.13416666
-0.017709957
-0.2073891
-0.04943915
0.049718957
0.064872615
0.15841313
-0.10002007
-0.2074837
-0.026782488
0.10059253
-0.13100429
-0.31125364
-0.054205082
0.13504997
0.10189774
-0.017063964
0.15627146
-0.024650346
0.0030954424
-0.08001082
-0.15969388
-0.42241406
0.07409417
0.16238758
-0.060511854
0.08612592
0.1829827
0.13561033
0.20429406
-0.07259147
0.016262533
0.18788356
-0.124393865
-0.07284668
0.16798797
-0.098882236
-0.25771168
-0.034517996
0.006095903
0.13411582
0.078590594
-0.18672335
0.05134894
0.17551315
0.061244585
0.0667521
-0.1101084
0.03330612
0.13873701
0.20126748
0.02838121
0.10108437
0.017851906
0.04961247
0.036568932
-0.085820176
0.13670608
0.015368943
0.1081727
0.18521509
-0.14894961
0.19111222
0.1058404
-0.051253807
0.03175415
0.23424588
0.065216824
0.00081825594
-0.21393666
-0.04302878
0.038252905
0.15185584
-0.016440533
-0.022953903
-0.07069112
0.054788183
0.03690598
-0.27031294
-0.14018409
-0.081740685
-0.2917053
0.008229786
-0.09431065
-0.07621734
0.09697085
0.09471187
0.11682254
0.0708331
0.30001324
-0.022713881
-0.0058025885
0.17474678
0.04140616
0.34781876
-0.10413149
-0.08627242
0.14588223
0.12959364
0.10384265
0.066090226
-0.1343389
0.27404746
-0.5300005
0.049696747
0.37746394
-0.24552031
0.10622209
0.2251993
-0.22372594
-0.03342731
0.21445584
-0.05940733
0.20321329
-0.06033137
-0.032536443
-0.04255915
0.04683459
-0.03933446
-0.07657572
0.02147056
0.06294117
-0.033715352
-0.24657054
-0.14758624
0.12968992
-0.072623335
0.0351745
-0.026618717
0.18145041
0.13622805
-0.029635727
0.1373788
-0.040863127
-0.1494272
-0.14616579
0.061991334
-0.07721636
-0.31789488
-0.0070210253
0.2679457
-0.09818417
-0.018522201
-0.004256843
0.11034636
0.009762293
-0.15474406
-0.09034143
-0.15131919
0.06326252
0.21126583
0.07216872
0.34201872
-0.18918766
-0.027666219
0.15210232
-0.27922028
-0.082884446
0.095074534
-0.009381833
-0.08813557
0.09152826
0.17811519
-0.10161254
0.11010775
0.13622902
0.23166259
0.12989023
0.023440039
0.054007694
-0.17988354
0.06030253
-0.24215539
-0.20304348
0.15585437
-0.13726288
-0.024908168
-0.12191203
-0.019954797
0.0046516936
-0.15933663
-0.046767805
-0.36233684
-0.17537983
0.23540053
0.0038391957
-0.15868558
0.048117694
-0.27305976
-0.27978152
0.1761853
-0.12207046
-0.08927136
0.14453752
0.19088905
-0.2007742
0.13659967
0.027573932
-0.17510472
0.15860169
-0.21952122
-0.34026805
-0.031509813
0.0018269849
-0.09146668
-0.009568893
0.07285934
-0.20463148
-0.14927517
-0.0013187089
-0.047818575
-0.18359904
0.0030338427
-0.11115023
-0.21891016
-0.32547233
0.037226602
-0.32165128
-0.122740835
0.13684683
0.066836886
-0.25187835
-0.3114589
-0.043682612
-0.12488294
-0.02530523
0.08424863
-0.06416738
0.05706333
-0.065970145
-0.031554576
-0.07355246
0.28909454
0.30193442
0.014441313
-0.029730871
-0.07731622
-0.07447666
-0.15070516
0.35717258
0.2671435
0.23763862
-0.15097407
-0.038967792
0.12347848
-0.1084548
-0.5147154
0.305014
0.027681094
-0.17187515
0.14523754
0.004678383
0.03905693
0.20762369
-0.20874946
-0.09750938
-0.104796246
-0.03034301
0.18451533
-0.026139095
-0.051360194
-0.2776699
0.2125303
0.26606324
-0.01696506
0.42347097
0.3681968
0.06689261
-0.24917881
-0.028360689
0.14914052
0.056380317
-0.2461211
-0.1882191
0.0019545984
-0.37078923
-0.014556589
0.31431702
0.30616444
0.22676049
-0.21065967
0.092317425
-0.11237088
0.039204273
0.12984683
-0.061376672
-0.6763256
0.14604248
0.13005638
-0.44286904
0.010616054
-0.008431127
-0.021923436
0.29233703
0.16656387
-0.06543377
0.07986926
-0.07554646
-0.19078499
-0.007005719
-0.13141394
0.23574857
0.15919533
0.30151728
-0.022218006
-0.2875861
0.1617664
0.21148278
-0.22540839
-0.062460758
0.12814434
0.096022405
0.26384726
-0.20418829
-0.2552746
0.11286809
0.22178853
0.22742668
0.051579926
0.19130738
0.088847995
0.2963607
0.042400848
-0.41871157
0.0511678
0.41447982
0.019954441
-0.041079078
0.076426975
0.17559923
0.12701687
0.16484478
0.14273877
0.06348613
0.0672499
-0.07007866
0.20170644
-0.038437247
0.084941134
0.00922081
0.023335999
0.009412205
0.13355045
-0.0773811
0.047327016
0.09581338
0.1817892
0.14739074
-0.12962455
-0.040165607
0.09635805
0.14270274
0.43320456
0.07519192
0.08111731
0.5654068
-0.24716203
-0.31254435
0.066415235
-0.011832719
-0.28881085
0.018726233
-0.20176883
-0.67890483
-0.66970414
0.09972899
0.011314298
-0.041717418
0.17483397
-0.60211253
0.37652808
0.8905419
-0.3119943
0.11400288
0.31666973
0.5306449
-0.46375376
-0.4263112
0.30349916
-0.5181358
-0.7124617
-0.052589778
0.18291412
0.059294607
0.18352081
0.20024526
0.54249984
0.5030616
-0.17103079
0.78640217
0.83568925
-0.35542634
0.27217162
0.20819776
-0.67960155
-0.4052284
-0.3576865
0.510789
-0.0016755153
-0.53254426
0.5001084
-0.56573457
-0.059283596
-0.039578002
-0.15002348
-0.31747293
-0.37228367
-0.0062086987
-0.15073325
0.10470888
0.48216146
-0.09456061
-0.10275582
0.28591743
-0.24515851
0.45184502
0.40775135
-0.41961408
-0.7604209
0.103236206
-0.27690777
-0.12500246
-0.14183182
-0.8967443
0.5851221
0.19887921
-0.75196385
0.011521376
0.08399268
0.49785984
-0.010677623
-0.3743497
0.20848112
0.2408066
0.013741077
0.17454532
-0.5068893
-0.46121302
-0.020050649
-0.13821132
-0.38246596
-0.30887786
0.23189537
0.4070813
0.11317764
-0.47002336
0.057043176
0.5835492
-0.538694
-0.21156129
0.31413704
0.025946299
0.4056903
0.20453773
0.1622804
0.53485703
0.60642743
0.11769607
0.19828267
0.7540638
0.24689418
0.23949209
0.44033194
0.48273465
0.41279888
-0.3059967
0.4892799
0.33341166
-0.026227092
0.40565574
0.2935633
-0.04616571
-0.27598912
-0.109669
0.107275814
-0.57227343
-0.63145584
-0.19150525
-0.17920624
-0.7026993
-0.34206572
-0.29748204
0.02723639
0.14584193
-0.013039911
0.30038
-0.0041391994
0.09112473
0.22382647
0.07481677
-0.2176557
0.06394752
0.26380202
-0.0097272
0.35807714
-0.049590707
0.13810539
0.01857278
-0.37078366
0.33936176
-0.09544652
-0.013800569
0.10970219
-0.026546907
0.029321477
0.12665719
-0.13199219
-0.04579097
0.11079359
-0.05596407
0.107578725
0.06445431
-0.056634303
0.14323139
0.1746027
0.13250633
-0.17092772
-0.06293568
0.18116263
0.06626647
0.04756248
0.055199843
-0.1675807
0.11218983
-0.01185712
-0.10258702
-0.31130886
-0.22555667
0.281567
-0.32148543
0.12407043
0.03864014
0.010466012
0.19109735
-0.037079293
-0.113585554
0.14842512
0.009082116
-0.30255294
0.21077499
-0.014409539
-0.32513827
0.104401626
0.015592544
-0.10874436
0.15932478
-0.0049370565
0.042395603
0.13790974
0.03451942
0.117426686
-0.09699307
-0.08680321
0.0018733346
0.061173998
0.08016978
0.1991924
0.005817117
0.07784175
0.12267037
-0.15152289
-0.093377784
0.3287109
0.1403199
0.15521991
0.0042078807
-0.23687476
-0.067016155
0.047995277
0.030486407
-0.083083265
0.35463023
-0.15785976
0.15963553
0.13353574
0.064666376
0.097584374
0.23968847
0.12104152
-0.05879989
0.029545039
0.08517669
0.012331775
0.21958089
-0.08757292
-0.14576982
-0.05113661
-0.0041900245
-0.20016965
-0.11710456
-0.11961789
-0.0572681
-0.15774283
-0.07116101
0.044100802
-0.21001457
-0.118856914
0.026192483
0.16197732
-0.03862559
-0.093092054
0.037042815
-0.17778589
0.11496713
0.097663015
0.0113075115
0.24478135
-0.37636253
-0.027647646
-0.049461305
0.0049607353
0.16390455
-0.18368822
0.2114587
0.1562902
0.07601336
-0.07583761
-0.011326364
-0.15056375
-0.16780862
0.37280682
0.0911003
-0.07614093
-0.05719793
-0.0068266047
-0.106375545
-0.37647977
-0.4091083
0.06525892
0.12389119
-0.18559761
-0.019413752
0.26897085
0.012171017
0.10094175
0.19886246
0.31942317
-0.21785085
-0.34129247
-0.00980043
-0.11974142
-0.23173058
-0.5185849
-0.41955134
-0.24506268
-0.1710538
0.35262898
0.4111928
0.15013203
-0.15676181
-0.12049153
0.062058367
-0.518335
-0.028405968
0.1043014
-0.4078829
0.1496721
-0.047892295
0.34483415
0.113496594
-0.14364152
0.2275839
0.029927881
0.13493511
-0.050816536
0.2599172
-0.08201237
-0.27821437
-0.12871648
-0.037268456
-0.049916327
-0.00497224
-0.14685924
0.08035447
0.21707305
0.004531395
-0.19279939
-0.12769477
0.29822877
-0.13670614
-0.15712504
-0.16696532
-0.021788849
0.27976972
-0.024922566
-0.14810066
-0.057419818
0.1617718
0.16180964
0.001515817
-0.17796499
-0.059273403
0.26287332
0.16873316
-0.29326013
-0.35848117
0.09482431
-0.112165004
-0.08464233
-0.43096125
-0.047009
0.277681
0.11007845
-0.4577215
-0.16677089
-0.167987
-0.02510457
0.17272961
-0.24617791
-0.2918441
0.014846719
-0.5400611
-0.18853787
-0.0048096157
-0.32349738
0.050050247
0.029694343
0.09044459
0.16070858
0.06599041
0.087289535
-0.099101156
0.11341699
0.04143167
0.26380685
-0.16197121
-0.12704971
0.11512788
-0.19974826
-0.2314572
-0.29526755
-0.06800319
0.09209315
0.42070782
-0.03341397
-0.28077388
0.3270745
0.100774534
-0.11485444
0.06097053
-0.20597464
-0.30975616
-0.109977394
0.054227706
0.4885845
-0.05411719
-0.24179283
-0.07170949
-0.032869287
-0.023880223
-0.48335993
0.28478456
0.35598654
0.2607384
0.10915112
0.04746074
0.25509283
0.0006148843
-0.25408486
-0.14942817
0.1251062
-0.11692571
-0.05845215
-0.012448584
0.15078844
-0.21355763
-0.030293668
0.5293446
0.45894834
0.68274254
0.4597605
0.43283963
-0.61031556
-0.32999533
0.22947459
0.4307911
-0.4132663
-0.2452046
0.17529173
-0.6532482
-0.030757947
0.468824
0.22541484
-0.016239613
-0.19807911
-0.14362578
0.1488659
0.16850787
0.3816292
0.07559046
-0.8582496
0.0954491
0.22816531
-0.06741271
-0.3418761
0.05591733
0.008620208
0.2143504
0.04331414
-0.32789567
-0.12867342
0.13592912
-0.109142534
-0.037752718
-0.36330113
0.1340018
0.21171144
0.37502474
-0.2077433
-0.5115233
-0.16038848
0.2752088
0.0719001
-0.08700108
-0.056545977
-0.030246634
0.29671523
-0.22863495
-0.55867934
-0.07236107
0.23196949
0.48871887
0.0039724936
0.13370322
-0.03873675
0.4969365
-0.26475134
-0.40709603
0.32037425
0.37479204
0.1378507
0.22914094
0.07122749
0.118101686
0.1262019
0.102316484
-0.0078043295
0.21158215
0.17213368
-0.036899574
0.20592842
0.08442279
0.1442919
-0.11928539
0.17928833
0.13024436
-0.24488467
0.07252733
0.29940528
-0.10586505
0.15295039
0.2158671
-0.064345926
-0.15998773
-0.0737476
0.3730311
0.16860408
-0.08554775
-0.0006339673
