60
-0.08224689
0.38989806
-0.4426915
0.46616068
-0.55652475
0.20585851
-0.01688934
-0.015248421
1.0272248
0.10386992
0.17416789
0.46622017
0.24817829
-0.46211386
-0.1915013
0.88084567
-0.38570383
-0.13137332
-0.17622922
0.33403656
-0.05066391
0.5705485
-0.3749415
1.061648
-0.45097038
0.0041789096
-0.039753534
-0.44731146
0.20154151
0.08328165
0.38504216
0.303872
-0.24823402
1.025367
-0.3574541
1.1820487
1.2022039
0.99549603
0.09514708
-0.62253773
-0.017702475
0.26463652
-0.23436932
-0.5168158
-0.39501458
0.2732687
-0.48570895
-0.3075966
-0.122149415
0.8099557
-0.062435314
-0.06474854
0.15232745
-0.1544249
-0.27961078
-0.19488111
0.7220713
-0.0005891001
-0.551487
0.40507057
