60
17
-3.2849627e-33
-2.981277e-33
4.608444e-06
-2.9820242e-33
-1.9133204e-33
3.2459884e-33
2.5914563e-33
-2.2465864e-33
2.6809044e-33
2.7921784e-33
4.7249467e-09
-2.8494034e-33
-2.615092e-33
2.8906547e-33
2.5418405e-33
3.2112114e-33
-2.3004722e-33
-0.026683511
-0.0038530498
2.8044458e-05
-0.016383074
-0.0070556076
-0.008526872
0.0056825425
0.048889954
-0.036562074
-0.0038087575
2.7412914e-05
-0.01383534
0.003029728
-0.005264859
-0.010269014
0.07285932
-0.017017052
0.038821075
0.04337103
-3.676559e-06
-0.030881466
-0.00331148
0.011194676
-0.059468094
0.07373232
-0.016526785
0.026896765
-3.7372404e-06
-0.03340006
-0.033890467
-0.017973144
-0.03882385
0.058119893
-0.014173123
0.02747808
-0.00951419
3.2934595e-06
-0.01864158
-0.009489365
-0.021743963
0.00090509985
0.083977304
-0.015193092
-0.026979892
3.6051579e-06
-0.02546667
-0.002224913
-0.03975932
-0.009803471
0.07756957
-0.014264285
0.03582147
-0.02637554
-0.00011048457
0.07061742
-0.0053773667
0.042774245
-0.03976321
-0.03512998
-0.009842594
-0.0044167624
-0.000110947265
-0.0068932273
-0.009742338
-0.0033524076
-0.012908702
-0.00013340566
-0.0056471345
-0.06523044
-0.029977774
1.26806535e-05
-0.021507485
0.021825437
-0.077736534
-0.0089620175
0.03928323
0.13513406
-0.0069411932
1.2089524e-05
-0.029100358
0.025082072
-0.06483929
0.012637888
0.023892164
0.047659192
-2.2217161e-33
1.20022675e-33
-2.845726e-19
2.1123751e-33
-4.438547e-18
6.063235e-33
-1.8481016e-33
2.5516456e-33
3.361572e-33
2.4295705e-33
-1.514648e-33
-5.922846e-33
2.8466683e-23
-5.024445e-33
3.5544117e-33
-5.265768e-33
3.744798e-33
2.5279895e-33
2.4221432e-33
3.1287898e-33
-2.4494465e-33
-1.740912e-33
2.3219922e-33
2.3560916e-33
2.4292125e-33
-1.1368127e-33
2.3010996e-33
2.8305316e-33
-2.618402e-33
-2.4812408e-33
2.7815245e-33
2.1139047e-33
-2.4815648e-33
2.3075226e-33
0.020176932
-0.011393889
-9.268142e-07
0.0002809589
-0.0073485943
-0.012520102
-0.019956026
0.0012179428
-0.00551899
-0.024836196
-7.4199215e-07
0.0126244975
-0.006703459
-0.0011306303
-0.008159315
-0.022328245
0.051031005
0.033633083
0.051902305
6.265752e-05
0.010889406
0.012499414
0.013643231
-0.0379271
-0.024050293
0.0126700625
0.027463146
6.2428975e-05
-0.028814934
0.04604117
-0.027458783
-0.038963027
-0.04589859
0.032919012
0.004444954
-0.007600469
-0.00017876679
-0.012875685
-0.01708661
0.098368526
0.014326685
-0.004847263
-0.02512684
0.006047107
-0.00017954396
-0.044430938
0.029826429
-0.038438234
0.033746034
0.01651749
-0.02980173
0.035876278
-0.07957734
-2.3839231e-05
-0.0008288283
-0.014456705
0.024183687
0.05690538
0.078912504
-0.05067425
-0.051413853
-2.4224462e-05
0.0017175562
-0.021612074
0.002678511
0.062811136
0.04108798
-0.05985813
-0.0057259607
-0.0054708957
1.5924398e-07
0.0008287783
0.004327111
0.0075025903
-0.0051880875
-0.0029656629
0.005337856
0.0020135792
1.5985631e-07
0.0010192402
0.008675682
-0.005525484
-0.0004280113
0.006237479
0.001546661
0.025013583
-0.041598577
-6.110178e-05
0.008504287
0.05949055
0.05901367
0.007319022
-0.017477578
-0.051870283
-0.032644186
-6.1145474e-05
0.023886932
0.044394977
-0.0053045303
-0.028597644
0.01498604
-0.021392345
-0.0068920674
0.019586992
3.9207247e-05
0.03939753
-0.027549028
-0.026756044
-0.021725798
0.007068912
0.0008595017
0.012505409
4.0409446e-05
0.051912487
0.000671459
-0.0019375744
-0.037232783
0.039331857
0.037088964
-0.06293298
-0.033145145
7.897693e-06
0.01739105
-0.0033454224
-0.01696103
0.13181867
-0.044345263
-0.041861016
0.013249396
8.195614e-06
-0.019954855
-0.010002561
0.018312352
0.07306783
-0.031857066
-0.00796566
0.041426893
0.008307374
-5.550407e-06
0.021825831
-0.01867401
0.008096229
-0.027599396
-0.022018183
-0.021078853
0.02361769
-5.335477e-06
0.04464275
-0.0028563924
0.050875187
-0.0037031306
-0.034963917
-0.04538373
-0.01285335
0.11410987
-5.2028704e-06
-0.011858937
-0.0056720567
-0.019400513
-0.023543641
-0.028007383
-0.024835646
0.16968136
-5.151089e-06
-0.02249804
-0.01015841
-0.03910909
-0.026230097
-0.0058566453
-0.039826322
-2.3707728e-33
-2.1302051e-33
-1.9827298e-33
1.9846654e-33
-1.7236685e-33
-2.1175216e-33
-1.7347902e-33
2.1131733e-33
9.701492e-34
-2.0707784e-33
-1.1424512e-33
1.8178667e-33
-2.0244874e-33
-2.5491122e-33
1.7950783e-33
-1.9816559e-33
-2.1525428e-33
-0.005752798
-0.0035728265
-3.966586e-07
0.010409727
0.00401314
-0.00028408624
-0.0007161082
-0.003019576
0.00069026055
-0.0022292496
-2.9172645e-07
-0.007170819
-0.0019724953
0.0015620213
-0.0014040533
0.00984957
-0.0026586428
-0.010692038
-0.040816084
-8.44719e-06
0.062870294
-0.044280242
0.08308558
-0.017935004
-0.04271532
0.012056898
-0.021184703
-7.524439e-06
0.06184241
-0.017115535
0.028532786
-0.03221104
-0.03926753
0.045347642
0.06850752
0.08682302
-6.385763e-05
-0.003178642
-0.02023162
-0.03582005
0.010203424
-0.035626553
0.0074646254
0.0407621
-6.147061e-05
-0.027679576
-0.03602134
0.04519725
-0.018181004
-0.024070589
-0.0036862341
3.0733766e-33
3.0142989e-33
-8.684168e-13
3.1150347e-33
-3.0140202e-33
2.7466524e-33
2.7090634e-33
2.930748e-33
2.8195595e-33
4.0107066e-33
-9.557487e-10
3.1975452e-33
2.1099009e-33
3.0094485e-33
3.7607752e-33
-2.7973524e-33
2.2098647e-33
0.024434734
0.014541882
1.2741413e-05
0.0272964
-0.0241405
-0.031366304
0.062094186
-0.014352665
-0.01084857
0.016131219
1.2656949e-05
0.009181208
-0.03531712
-0.02743465
0.022817604
-0.024316192
-0.009721467
-0.01593518
-0.0062079728
-4.3301632e-05
0.10259835
-0.013722537
-0.016849447
-0.015850933
-0.014235851
-0.03628126
-0.004242336
-4.297679e-05
0.088555425
-0.0019172435
-0.034538053
0.0154498955
0.009344857
-0.03534223
-0.0026543883
0.0020774393
-3.5879918e-15
0.0010656698
0.00092954765
-0.0023506186
1.3962255e-05
2.2084278e-05
-0.0007346244
-0.0049071587
1.0760154e-14
0.0018894355
0.0009925446
0.0016974407
3.311339e-06
0.00105708
-9.034121e-05
0.069439076
0.01765424
2.3115348e-05
-0.00030449353
-0.013118134
-0.028356753
0.01014531
0.0047112727
-0.006431366
-0.03559516
2.3136901e-05
-0.011745321
-0.0122882165
0.025320763
-0.015788756
-0.004094502
-0.008642194
0.03511338
-0.01729968
4.284573e-05
0.005235502
0.022506522
-0.015090163
-0.00512535
-0.007388566
0.0009911055
0.0033249205
4.2661646e-05
0.038369216
0.042853475
-0.0072941585
0.014278232
0.015026154
0.036236107
-0.00078854384
0.0017122497
2.1354786e-06
-0.001176199
0.0075492864
-0.0006281626
-0.0011817027
-0.004193467
-0.00010090148
-0.0013093608
2.142368e-06
0.0043656062
0.0030213215
-0.001827734
-0.0016125989
-0.0014229766
-0.0004188048
0.010189036
-0.024111683
-8.793373e-06
-0.022686625
-0.02300956
0.050774183
0.017650848
0.00071508926
-0.021857511
-0.018913599
-8.8555e-06
0.12615101
-0.017846465
-0.024457254
-0.013063512
-0.03126677
-0.0051370114
0.0003202246
0.06265602
-4.3211385e-05
-0.005370907
0.010934539
-0.023724442
0.022051586
-0.018675668
0.008291647
-0.02235696
-4.3347973e-05
-0.004597172
-0.009691529
-0.0013314106
-0.00085963245
-0.011222737
-0.009930072
-0.0027275211
-0.0050658863
8.441132e-09
0.0031390327
-0.0019040838
-0.0023619647
-0.009458742
0.0006438825
-0.001489795
0.00888522
7.312396e-09
-0.0012226732
-0.0058982284
-0.0012003065
0.00320745
0.010919464
-0.00063737016
0.012616686
-0.022144945
-1.6604947e-05
-0.015644126
0.00034030387
0.010127234
-0.021012781
-0.011883825
0.050255522
-0.04535073
-1.678538e-05
-0.009800601
0.021855501
-0.0048854616
-0.041152008
0.04237426
0.076884836
-0.02104471
-0.04401743
1.7962693e-06
-0.006909356
-0.017266257
-0.01742896
-0.029854786
-0.012744999
0.0005000909
0.04660903
1.7474131e-06
-0.019342415
-0.024959996
-0.015161764
0.06769077
-0.008714188
0.16671251
2.205485e-33
2.1410787e-33
7.332997e-11
2.3354446e-33
-2.170015e-33
2.4473972e-33
2.4459791e-33
2.2493702e-33
-2.1356894e-33
2.2921172e-33
1.3072082e-13
2.2622178e-33
-2.1047476e-33
2.109681e-33
-2.23158e-33
2.2229836e-33
-2.11222e-33
0.042171177
0.0051286407
4.419184e-05
-0.025757968
-0.015313393
-0.025899062
0.062012758
-0.02265135
0.04286479
-0.0012401632
4.3683594e-05
-0.008364471
-0.025935264
-0.013729075
-0.012641879
-0.019512547
-0.016074086
-0.0020725853
-0.015057064
-7.157715e-06
-0.010538716
-0.013196935
-0.017900674
0.07444159
-0.032357898
-0.0028240585
-0.011863568
-7.3589445e-06
-0.029869325
-0.013624954
-0.048490185
0.1122761
-0.016131029
-0.024431458
0.0026228717
-0.01994741
-8.824058e-06
-0.007525835
-0.0013153127
-0.010246881
0.0397103
-0.0056182723
-0.004053204
-0.01986104
-9.039775e-06
-0.010699412
-0.0007361647
-0.0013403387
0.046253167
0.0024339051
-0.012650627
-0.00013000898
-9.9528654e-05
2.2917438e-06
-9.075793e-05
1.2618269e-05
-0.0001491066
0.00017470798
-7.354007e-05
-9.951655e-06
-2.2883623e-05
-7.643035e-06
0.00057084655
1.310286e-06
-2.991638e-05
-1.3677206e-05
-1.4272523e-05
-8.518663e-06
2.7233335e-33
2.9276715e-33
-3.1592496e-08
2.6237256e-33
2.6531782e-33
2.9479894e-33
2.6394067e-33
2.5369146e-33
2.44884e-33
2.9417327e-33
4.2444256e-08
2.7844421e-33
-2.7853969e-33
2.725712e-33
-2.5371506e-33
-2.5411229e-33
2.1632169e-33
-2.8579438e-33
2.2149284e-33
6.3919814e-10
-2.625152e-33
2.6657988e-33
2.3805825e-33
1.2638437e-33
-2.7969615e-33
-8.781112e-34
2.7640552e-33
1.1684165e-12
3.1959833e-33
-2.8094932e-33
2.8555134e-33
4.14205e-34
-3.0132894e-33
-6.0870927e-34
-0.0014249539
-0.0031385522
1.886011e-06
-0.018892579
-0.018381512
-0.00440563
-0.011275978
-0.012639799
-0.0061913417
-0.015767558
1.519823e-06
-0.019898036
-0.03381719
0.06511956
0.07751707
0.0070338566
-0.038658965
2.0179838e-33
-2.3738686e-33
-3.533101e-33
2.1523641e-33
2.2325338e-33
-2.1326392e-33
1.544544e-33
1.8289658e-33
1.9683624e-33
2.1019758e-33
-4.306007e-33
2.1550084e-33
1.9436733e-33
2.0043328e-33
-2.2482105e-33
2.2565396e-33
-2.0644421e-33
2.4739678e-33
-2.1564576e-33
-4.412418e-33
1.9485443e-33
2.0749795e-33
-2.427992e-33
-2.2794472e-33
-2.2981842e-33
-1.9053292e-33
2.2090006e-33
-6.0495453e-10
2.6401227e-33
2.3144914e-33
-2.457384e-33
2.4278954e-33
2.1230014e-33
2.1824136e-33
0.088402964
-0.104434624
0.00012853298
-0.038232133
-0.043301523
-0.020114847
-0.08701067
-0.061970077
-0.061831363
0.06184765
0.00012985547
0.0882291
0.086762674
0.091286324
0.016730236
0.08231336
0.008256904
-0.0029302149
0.0038951624
1.4369998e-05
-0.003650366
-0.0023514577
0.01443058
-0.004805025
0.0026569515
-0.0047713844
-0.012592082
1.4143477e-05
-0.0005049903
0.0017457916
-0.0022785368
-0.0013630965
7.647656e-05
0.0008816881
2.3689078e-33
2.0970173e-33
-4.326542e-33
2.3878193e-33
2.3374591e-33
2.3783224e-33
-2.1429721e-33
1.9300984e-33
-1.5559965e-33
2.24102e-33
-2.1665753e-13
2.2398554e-33
-1.5198402e-33
2.2983267e-33
1.08567005e-33
2.0360392e-33
2.3420011e-33
-0.04639534
0.005405177
3.218135e-05
-0.0014345777
-0.0014319029
0.006219146
-0.0018787172
-0.0041486085
-0.0034058485
-0.018270401
3.2282816e-05
0.01010711
-0.006540153
0.04837191
-0.013426
0.013046236
0.01828864
0.0027858769
-0.00049743283
1.4922228e-05
-0.0025971313
-0.0004080484
0.0057990253
-0.0072097695
0.0073088803
-0.0017604525
-0.0005482425
1.4989592e-05
-0.0017481851
0.0061756256
-0.0027207686
-0.0018300952
0.00022011975
0.001877497
0.055442747
0.07244146
0.00020764532
0.07732567
0.10488829
0.07358285
0.05883558
0.081661314
0.050847977
-0.09409117
0.00020981266
-0.043703396
-0.039517086
-0.044007245
-0.07144335
-0.037500445
-0.053436905
2.053859e-33
-2.1866002e-33
-1.1801317e-33
-2.1057405e-33
2.6940666e-33
1.8803108e-33
2.012521e-33
1.5985926e-33
1.9498085e-33
1.9930295e-33
-4.346896e-33
2.3049143e-33
1.7751274e-33
1.8871796e-33
2.4192581e-33
2.0036955e-33
1.8715284e-33
0.048369434
-0.011884278
9.075298e-06
0.0015163576
0.005659135
0.043097284
-0.021979516
0.010316847
0.09828447
-0.074403144
9.893789e-06
-0.004889899
0.010709153
-0.029945437
-0.011737526
-0.017102068
-0.019302975
0.034829542
0.0139640365
-5.107135e-06
-0.07809734
-0.022966418
0.076551646
-0.009172742
0.009450791
-0.001619027
-0.011820944
-5.1220927e-06
-0.051626205
0.03187523
0.09222381
-0.010737402
-0.0037784812
-0.024876632
-0.03387577
-0.009916719
-4.947289e-06
-0.013883782
-0.0017164715
-0.017800225
-0.0063644093
0.06855861
-0.0034697861
-0.0096835485
-4.748398e-06
-0.011823115
-0.0041888263
-0.01805328
0.0014177673
0.074470684
-0.0028995082
2.5294824e-33
1.506644e-33
3.6848104e-33
-2.3808962e-33
-2.6818149e-33
2.278478e-33
2.2065094e-33
-2.3685825e-33
-1.6214268e-33
2.0372687e-33
4.726463e-33
2.358713e-33
2.6061428e-33
2.4396276e-33
1.6270666e-33
-2.3488651e-33
8.977479e-34
-2.6273026e-33
-2.4246466e-33
7.1058634e-34
2.4482429e-33
2.3696275e-33
-2.4564575e-33
-2.0046719e-33
2.651758e-33
2.5414157e-33
-2.2358573e-33
-8.462835e-15
-2.4833826e-33
2.2628709e-33
-2.334607e-33
3.2564782e-33
2.176725e-33
6.072458e-34
0.019872576
0.05637087
4.3109183e-05
0.021074466
-0.027610749
0.004805406
0.049413387
0.010590159
0.029997246
-0.037990563
4.3014614e-05
-0.019459177
-0.011829792
-0.012195247
-0.017713105
-0.022210896
-0.019919505
-2.907139e-33
2.4051542e-33
1.3978238e-06
2.8644231e-33
2.6834165e-33
-3.0649428e-33
3.217767e-33
-2.287497e-33
2.4817689e-33
-2.8135939e-33
-1.1388149e-05
2.8050768e-33
-2.8934764e-33
-3.0184928e-33
-2.3880917e-33
2.5381202e-33
9.316e-34
0.009760398
0.0039187702
-2.2775439e-05
-0.0039772927
0.1094746
-0.018255511
-0.021496853
-0.037998766
-0.036417544
-0.0118105775
-2.2576285e-05
-0.026221404
0.096671954
-0.025270265
0.0026993537
-0.015897024
-0.018887613
-0.008769642
0.1071378
3.1819545e-06
-0.01775135
-0.015323097
-0.014042156
-0.0020876408
-0.021691501
-0.034401137
0.1525652
3.4227214e-06
-0.037183695
-0.009348355
-0.01877993
-0.0071752723
-0.024041625
-0.022986578
