3
6
5
5
-0.12543857
-0.042889964
-0.17196889
-0.11278799
-0.36691722
0.035615157
0.013525128
-0.24032594
-0.15912414
-0.3235434
0.019663882
-0.020019684
-0.11727089
-0.08284733
0.05399165
-0.05737841
-0.07274617
0.06108267
-0.08979199
-0.03901912
0.041777782
-0.17494349
0.022436628
0.05882021
-0.13012467
0.15924205
0.3180701
0.4074402
0.38784668
0.1569799
0.3468122
0.35866588
0.36784986
0.30028832
0.20897691
0.5084189
0.314308
0.36053076
0.49716994
0.31802616
0.34016046
0.37367028
0.38545698
0.3894843
0.38360345
0.33488813
0.52872336
0.50150305
0.40408555
0.34461305
-0.1699029
0.024182046
0.03946873
-0.10679428
-0.14530954
-0.0152247315
-0.060955256
0.067400575
0.09700653
0.09803361
0.061213717
-0.13579519
0.1912718
0.24169399
0.06263488
-0.114144355
-0.15119706
-0.12226552
-0.017933534
0.19517563
-0.45559782
-0.37623093
-0.111047566
-0.09488537
-0.14154565
0.11117862
0.32930616
0.51637673
0.517328
0.4494901
0.26180032
0.44868734
0.41662818
0.54326534
0.5102024
0.35990342
0.33237606
0.54203475
0.5733825
0.604091
0.05153549
0.24101295
0.27914533
0.4527173
0.43224132
0.075508066
0.16127887
0.21657862
0.1724925
0.398084
-0.1255697
-0.09511365
-0.07176978
-0.12610163
-0.21880935
-0.039247267
-0.13793811
-0.18505162
-0.120904796
-0.14169331
-0.018750206
-0.08000089
-0.19868658
-0.2324414
-0.07121144
0.0005821002
0.015206651
0.13300991
-0.1720433
-0.0035173192
0.051514063
0.0061097136
-0.18217038
-0.18366474
-0.20039104
0.30309528
0.5302665
0.5810899
0.545285
0.49677482
0.4951375
0.68496525
0.7484702
0.8155373
0.6038328
0.43816197
0.3932668
0.69488037
0.70733064
0.46004313
0.14799021
0.30034545
0.4143236
0.37299204
0.46288332
-0.21423148
0.07759894
0.108924784
0.12115892
0.05827221
-0.18365932
0.030243564
-0.0053798915
0.034654863
-0.084167585
-0.07776971
0.02270572
-0.057609245
0.113311805
-0.088870175
0.23430233
0.1003638
0.12537834
0.267673
0.09692678
0.036061242
0.21178868
0.16150245
0.19537953
0.1217908
-0.045887496
0.11016343
0.15349938
0.07136513
0.16333693
0.09990566
0.19065495
-0.124389656
0.008836212
-0.0571412
0.12526356
0.058798634
0.27643186
0.24735668
0.087720886
0.22338189
0.05809253
0.28985056
0.34739107
0.18788335
0.22409724
0.15425682
0.42497042
0.25432208
0.33789265
0.07165804
0.2086687
0.19168608
0.2959785
0.40558422
0.2667264
0.4547313
0.6644905
0.4985048
0.55747753
0.4018267
0.7137179
0.7029097
0.85797286
0.65841746
0.48075047
0.69350755
0.80971605
0.88310784
0.7379292
0.3297509
0.4465507
0.7202927
0.6611967
0.8308768
-0.17288603
0.05648639
0.12676863
0.44624528
0.5069852
0.19294144
0.44618872
0.43320382
0.5471724
0.46062055
0.35626248
0.5402534
0.541051
0.5893261
0.63666266
0.3698423
0.44413733
0.5123368
0.69269556
0.7247019
0.29305068
0.36045057
0.33872685
0.5377734
0.3521949
-0.14981854
-0.07110905
0.2699938
0.20012574
0.22153202
-0.11272828
0.08186119
0.07225554
0.012966316
0.034441005
0.14490478
0.15877295
0.15644701
0.14010508
0.2055236
0.079174675
0.21331768
0.24402584
0.258673
0.13145503
0.22318184
0.114769675
-0.042754274
0.038270555
0.06414007
-0.007083834
0.09140459
0.047292907
0.18533671
0.214152
0.68549424
0.8030474
0.93671507
0.922009
0.715392
0.65565455
0.93653345
1.0457865
1.0928392
0.9159603
0.52337974
1.001862
1.0860083
0.98662686
0.877761
0.27124125
0.42987922
0.7766927
0.73826605
0.5543907
0.088658676
0.10784392
0.2647889
0.36250484
0.33290157
0.4580492
0.35740143
0.35147095
0.29188856
0.19479673
0.44540048
0.5995307
0.46176052
0.29629278
0.2984693
0.33714965
0.4124535
0.6599942
0.41689107
0.37234065
0.3372557
0.49298298
0.47240496
0.3802698
0.3506414
0.26802984
0.4139689
0.5296334
0.47091907
0.42809117
-0.46470279
-0.35187718
-0.45988327
-0.40170416
-0.35944828
-0.14235829
-0.30305576
-0.29563415
-0.13472027
-0.10989382
-0.07866897
-0.20887718
-0.2571814
-0.24389525
-0.06836655
-0.13829818
-0.24767995
-0.13814542
0.060244534
-0.05036135
-0.25599736
-0.16988635
-0.0493124
0.012893524
-0.038882867
0.6899665
0.71335095
0.69436747
0.6910581
0.34074882
0.60218734
1.00279
0.7924662
0.7605958
0.7403311
0.7866091
1.0847319
1.0006382
0.90343684
0.8594074
0.47224194
0.8662487
0.88003016
0.8814612
0.8258753
0.49117967
0.54379094
0.5721511
0.59589136
0.5148873
-0.067678414
-0.10385954
-0.06461677
-0.1929346
0.0006676524
-0.019204395
0.046512943
0.16422087
0.07618292
0.060222585
0.06697809
0.037863914
0.03846444
0.15192929
0.107671104
-0.17361233
0.07631472
-0.12325486
0.033193253
0.08135678
-0.11170202
-0.35079318
-0.22437328
-0.11773622
-0.118307434
0.256906
0.343327
0.44331867
0.2559187
0.1207983
0.39033738
0.52227765
0.50964797
0.40460202
0.13638291
0.4637633
0.41681707
0.4701818
0.41612965
0.18058312
0.31723052
0.47645
0.27763665
0.5863001
0.5213143
0.3813461
0.36173433
0.41665086
0.35381114
0.30104953
0.057065837
0.15805887
0.3068872
0.22781092
0.19166923
0.1549381
0.3705521
0.4346846
0.4964186
0.3340992
0.0055447747
0.2562989
0.4346927
0.5508569
0.4464458
-0.024623672
0.114683725
0.25416833
0.39251637
0.18296835
-0.30359638
-0.13215521
-0.04410009
0.09317697
-0.039479222
