10
14
3
3
-0.10395565
0.10424206
-0.115042634
-0.10724429
0.13051543
0.029962495
-0.064719565
0.06058317
0.068464026
-0.2722576
0.03041489
0.11160013
0.14441855
0.18495123
-0.17288345
-0.015493589
-0.0073015084
-0.19347285
0.20266218
0.2024587
-0.061273247
0.28422192
0.06316239
0.22428426
-0.045928292
-0.2263388
-0.023545139
-0.09880843
0.090117484
-0.07082689
-0.37112263
-0.22863354
0.09259967
-0.20656589
0.019404847
0.006662582
-0.0012174756
-0.12487951
-0.11317806
0.07338717
0.19323334
0.3476584
-0.06980693
0.060229026
0.2109212
-0.01697056
-0.022273507
0.083572425
-0.0913295
-0.058153722
-0.06704649
0.091247626
-0.018624993
-0.055455863
-0.016859205
-0.039699994
-0.16325468
0.02518481
0.005255038
0.0707774
0.069892384
-0.028811513
-0.085090816
-0.014457712
-0.019345129
0.21331394
-0.09240736
-0.09413863
-0.028219536
0.022706222
0.049566865
0.21708798
-0.4106586
-0.198288
-0.13658737
0.14465456
0.031687286
0.01688435
0.2036512
0.07263499
0.14569674
-0.25913277
-0.18615434
0.15213236
-0.2395945
-0.021616062
-0.032434173
-0.073601045
0.15080029
0.43652084
0.16800286
0.30431455
-0.008862286
0.19540061
-0.18421014
-0.028784493
0.09754961
0.14064603
0.025865216
-0.04119181
-0.052169655
-0.1782322
0.08469537
0.12183694
-0.29116732
0.0048185256
0.20681083
0.0360108
0.13778363
0.22111635
-0.032858867
0.06744325
-0.09909521
0.057880938
0.15664667
-0.29999882
0.2686058
0.072030224
0.07200024
0.039222594
-0.09190135
0.097764716
-0.0035802007
-0.16162151
0.04862452
0.21735473
-0.8945476
-0.20406576
0.03546992
-0.8037443
-0.50810647
0.1582201
-0.21142645
-0.5223549
0.0071919053
0.8195989
0.25340125
-0.24988341
0.3674897
0.26719883
-0.43315938
0.35889956
0.2580285
-0.21818098
-0.8572998
-0.60671604
0.066383116
-0.7168117
-0.73429555
-0.0324041
-0.19381078
-0.713632
-0.17540102
0.2457105
-0.051222824
0.010345126
0.2650553
-0.07456593
-0.11587565
0.26737124
0.14763574
-0.17445356
-0.09080927
0.24486718
0.26706472
-0.33106542
-0.058695596
0.19572836
-0.003134516
-0.3117914
0.13907851
-0.6534317
-0.4543964
-0.33959785
-0.37234434
-0.18231772
-0.43911216
-0.071424074
0.13865702
-0.51296705
0.12584375
-0.09924467
0.06646566
-0.11263196
-0.20519765
-0.06692073
-0.07540208
-0.05755646
0.04588221
0.04171493
0.12323137
-1.2415271
0.5509189
0.07049042
-1.532776
0.40983692
-0.09436888
-1.2486341
0.45275825
-0.06269827
0.15430373
0.14657438
-0.30700842
-0.15461838
0.036478538
-0.38043326
-0.2505123
0.27978837
0.2795728
-0.73227525
0.17120817
0.24301848
-0.72130746
-0.07269729
-0.20396161
-0.36618328
-0.33235633
-0.48026362
0.099825196
-0.08232904
-0.07451857
0.27862647
-0.15757924
0.23523855
0.38124937
-0.42625922
-0.15399449
0.6064714
-0.68097925
-0.4170927
0.5531659
-0.46177828
-0.5379363
0.4822196
-0.0948676
-0.34668896
-0.39891517
0.1984639
0.024186518
-0.66012007
0.3649112
0.17954464
-0.51920843
-0.558851
-0.42007536
-0.3545617
-0.8188924
-0.9029494
-0.16746955
-0.8833551
-1.070663
-0.17634812
-0.24167573
0.57017016
0.16006225
-0.4671421
0.1405824
0.41375065
0.04385054
-0.13538307
-0.028173598
0.052832384
-0.31061217
-0.027055899
-0.015359873
0.0022191452
-0.054327354
-0.10386598
-0.1208488
0.10164227
-0.018893521
0.7604516
0.46773818
-0.84145695
0.33879304
0.22351438
-0.3206495
-0.35627002
-0.28001955
0.21859565
-0.17054282
0.043656334
0.100788236
-0.35657424
0.0019403299
0.3695541
-0.08978639
0.07289475
0.4473707
0.79859257
-0.12139738
0.25405648
0.52925956
0.29637524
0.07347958
-0.2749375
-0.018958054
-0.45846897
0.072319746
0.024314858
0.06234505
-0.043470636
-0.6139399
0.25530565
0.68574375
-0.2661982
0.18499602
0.07626704
-0.027075138
-0.088329695
-0.017259566
-0.036972184
-0.0933623
-0.07775928
0.019151969
0.23482239
0.009473771
-0.019399436
0.18021819
-0.593622
-0.55069196
0.29956958
-0.0047674086
-0.6217748
0.17166705
-0.105078906
-0.15891491
0.25565618
0.3545039
0.15491903
-0.29336828
-0.24419369
-0.0776626
0.119866595
0.1282766
-1.0606635
0.108876005
0.56344074
-0.5347107
-0.008602145
0.23015578
-0.11719872
-0.22374374
-0.30272862
0.20623815
-0.14077696
-0.4521162
-0.13528742
0.34220606
0.23576562
0.29700506
0.12305628
0.08877015
0.03248437
-0.1877731
0.23952311
0.20800352
0.19500117
0.15256664
0.5214322
-0.19475295
-0.031083547
0.23038462
0.22669941
-0.5043828
-0.48389176
0.57288903
0.1262318
-0.5599589
0.13777202
0.13956217
-0.2586978
0.28395832
0.20164922
0.15969978
0.023994561
-0.049400244
0.5420135
-0.02012025
-0.009917401
-0.16538349
0.015269655
0.061109524
-0.14164135
0.023154687
-0.027752329
-0.05100007
0.09271924
0.053796638
-0.16134903
0.14642017
0.0077812932
0.07927094
0.0144197885
0.1191157
0.11499269
0.09021022
-0.18567587
-0.08772702
0.0039150696
-0.04949588
0.13026121
0.037794806
0.09940513
0.059606206
-0.006379748
0.09301086
-0.15875357
-0.048147153
0.106157474
-0.057872117
0.16706128
0.09749997
0.08133632
0.07349581
-0.030271754
-0.02654264
-0.03827148
0.038449213
0.004437318
0.13969633
0.039873436
-0.012015718
-0.19837892
0.14197415
-0.12452532
0.018804234
-0.01655554
0.034746107
0.12141313
-0.093041666
0.013503871
-0.056982048
0.017944505
-0.11773819
0.01449607
-0.11329895
-0.06183468
0.058494765
0.016186114
0.040991176
0.0089359
-0.048213523
0.023398116
-0.02282455
0.020404186
-0.041931596
0.1525408
-0.075767264
-0.11390864
0.10426036
0.08905718
0.16926719
-0.14575925
0.06577616
0.15880167
0.0254472
0.033318765
0.05057648
0.14166492
0.12551348
-0.06237637
0.100212425
-0.028811008
-0.050807875
0.03695216
0.14307848
-0.15798864
0.047899485
-0.0070547326
-0.09289228
0.0253083
-0.056725074
0.16409303
0.13016409
0.07458666
0.04430166
0.011365502
-0.09046494
-0.03322109
-0.121795006
-0.03286963
-0.13105507
0.11551747
-0.10022635
0.12351122
0.010012209
-0.0068002623
-0.13174562
0.031422455
-0.082554325
-0.046028983
-0.11024458
0.06376413
0.124611795
-0.015266784
-0.112787805
-0.09344908
-0.15344031
-0.108309045
0.07239081
0.042682316
-0.027370028
0.08034357
0.13695318
-0.06259981
-0.124123484
-0.23629713
0.278939
0.022350268
-0.13090865
0.02099493
0.053956866
-0.17446205
-0.22363946
0.14461954
-0.026521498
0.19012192
0.106537506
0.03841299
0.04390006
-0.032837875
0.13733432
0.052164316
-0.32898924
0.11351475
0.0870162
0.06612431
-0.1581298
-0.26061383
0.112567306
-0.033904377
0.08974702
-0.024121158
-0.10819706
-0.17887945
0.025186973
0.027441617
-0.043599796
0.0043379394
-0.03268469
-0.033213105
-0.51838505
0.10387837
0.15459514
-0.038288083
0.011714674
0.11297684
-0.022374284
0.10607132
0.14371325
0.27129552
-0.093724355
-0.13961892
-0.07226307
0.018171277
-0.017611532
-0.124395885
0.12464046
0.0104971975
-0.013552785
-0.009319831
-0.13312629
0.105682455
-0.032485288
-0.10102731
0.12590505
0.05213052
-0.05251795
0.23978679
-0.26510343
-0.05212091
0.1299487
-0.07104733
-0.15809213
0.18435551
-0.36326462
-0.12602352
-0.096154764
-0.012074916
0.24444893
-0.071458034
0.05475192
0.31005728
0.008552429
-0.02992325
-0.28377682
-0.09924287
0.034818128
-0.08109353
-0.08178645
0.005078584
0.14777876
0.21644033
0.21244736
0.27734977
0.08659016
-0.09063723
-0.3436704
-0.016450627
0.08974317
-0.099816896
-0.22128806
0.08616598
0.00063382176
-0.052976932
0.031901374
-0.043434896
-0.27765337
0.20425655
0.00620168
0.09725949
-0.084148735
0.103749394
0.08245898
-0.20500486
-0.04107565
0.1361743
-0.19484171
-0.40871084
-0.10616734
0.18982477
-0.21031521
-0.13117175
0.04142121
-0.05243473
-0.15716122
-0.12029968
0.044056296
0.15154532
0.060545098
0.40421328
-0.091268204
-0.116048746
0.2410884
-0.1151386
-0.09849918
-0.2429821
0.03144832
0.110136405
-0.1020656
0.13709489
-0.085222766
0.04903762
0.02987964
-0.05675874
0.17245488
-0.06326738
-0.09389504
0.16448605
0.2529424
-0.30788335
0.21568766
0.3444231
-0.09131906
0.09720076
0.33100003
0.050474945
0.16303554
0.0754363
-0.004477676
-0.17091823
0.09294797
0.1207597
0.15013318
0.0921121
0.29551703
0.054598972
-0.37543273
0.15716603
0.30023643
-0.04831799
-0.18254714
-0.053436242
-0.021162108
-0.025185993
0.13801289
0.15948908
0.015609369
0.16264226
0.10041555
-0.13956586
0.10078166
0.060809594
-0.04385655
0.01815417
-0.13968877
-0.07555975
0.13670124
0.12950714
-0.0459168
0.019912373
0.02585556
0.11954645
0.3154909
0.44293207
0.19296236
0.14566813
0.10940566
0.32243043
0.117527194
0.16572054
-0.029884914
-0.0818246
-0.16841204
0.38658622
0.01925337
-0.11842783
0.16087256
0.23015247
0.02949071
0.22888087
-0.018176323
-0.033110812
0.3057037
0.19112556
-0.2310787
0.158453
0.25449052
-0.075856194
0.11609221
0.20423868
0.28816563
-0.15390128
-0.092017464
0.121488065
-0.0041115438
0.13260897
0.11037466
0.16475172
-0.05984163
0.09076676
0.05054741
-0.015870346
-0.09788478
0.03062332
0.13720465
0.16766539
0.07695142
0.54574
0.28720477
0.094905004
0.26669496
0.34144193
0.35628456
0.09067639
0.12489262
0.19608603
0.18983708
-0.21153893
0.33373037
0.2884803
-0.16565928
0.23962526
0.3740844
0.33459264
-0.043703523
0.31764624
-0.13883893
0.075284295
0.22220476
-0.12950467
0.13104357
-0.16595486
-0.12430069
-0.19242607
-0.101556845
0.2255783
0.026778251
0.036551677
0.26879165
-0.079224244
0.06311893
0.10568966
0.019651918
0.13518122
-0.017888792
-0.021081358
0.28732786
0.16541556
-0.009735551
-0.12771863
0.013285533
0.16128498
0.101610124
0.13931553
-0.07324541
0.039962824
0.019318221
0.07156107
-0.1156688
0.2801926
0.095789164
-0.14242259
-0.62495244
0.050297357
-0.0141297225
-0.0007340336
-0.079633705
-0.118326806
-0.13919058
-0.22865744
0.32948998
0.1983221
-0.007874019
0.049298443
-0.0036120832
0.013055693
0.22299956
-0.03558152
-0.0041355793
-0.038511187
-0.045182493
-0.12903388
-0.13971388
-0.03777579
-0.0022924582
0.03265528
0.025237337
0.09911995
0.12910025
0.28145573
-0.09098581
-0.23039176
0.05792055
-0.23052233
-0.16741122
0.11301499
-0.1390152
-0.27020833
-0.0016393608
-0.044960488
0.05124655
0.123141825
-0.03415621
0.21518861
0.0817432
0.15817508
-0.07138223
-0.16776279
-0.21533936
-0.08988126
-0.2727143
-0.18874933
0.1061964
-0.021305006
0.2575732
0.116135314
0.08260581
0.08207331
-0.35924178
-0.21942584
0.10718309
-0.05411877
-0.3028184
-0.0016187711
0.067753665
-0.09290733
0.05120249
0.111676574
-0.056095205
0.1155107
-0.02314938
0.03652106
0.024518875
0.2701299
0.044187
-0.14245027
0.0038448826
-0.12160992
-0.071182184
-0.30483642
-0.14781362
0.265417
-0.22440489
-0.37723187
0.22493808
-0.2523984
-0.06729354
0.06918729
0.060846683
0.28454703
-0.014172686
0.33481294
-0.06974704
0.09837239
0.23797782
-0.028983869
-0.12557457
-0.1164686
0.12592813
-0.27073163
-0.39999947
0.1809377
-0.19720478
0.10639521
0.25956073
-0.09793134
0.2904464
0.113985844
-0.36680958
0.042617187
-0.112619095
-0.1356355
0.19492596
0.14481665
-0.085361496
-0.08716984
0.07993409
0.27474377
0.07315085
0.023165286
0.12219148
-0.047289647
0.092748165
0.0643783
-0.015034605
0.18738864
-0.023677567
-0.17630035
-0.48232123
-0.051167626
-0.13616487
-0.064348176
-0.16480295
0.044476394
0.08942172
-0.10658124
0.31785956
0.03876658
-0.29978645
0.20052472
-0.08806563
0.0017526092
0.032577723
-0.21315232
-0.062010724
0.025317887
-0.007773807
-0.014145049
-0.14754488
-0.14711465
0.043096714
-0.051724557
-0.18374988
-0.038685028
0.089277044
-0.060289703
0.05200512
0.030249197
-0.007905146
-0.18908623
-0.2591242
0.23369515
-0.28307396
-0.22255722
0.017805588
-0.043634098
-0.0032577408
0.02306671
0.08348616
0.42351153
0.27779716
0.0035826368
0.20174153
-0.1869417
0.11033579
0.04394241
-0.30544323
-0.008668944
0.19059466
0.041531347
0.027160902
0.30705842
0.24510747
0.2330737
-0.15702887
0.069036916
0.06041798
-0.3472988
-0.09214195
0.07800342
-0.06900893
-0.130974
0.113714114
-0.044026002
-0.17554605
0.19413061
0.08577648
0.12976907
-0.01340473
0.45900375
0.18526112
0.22541499
0.0546222
0.041603655
-0.04903458
-0.39809424
-0.1651458
0.27169895
0.02202722
-0.29947114
0.08590301
-0.12710945
-0.022685584
-0.020468257
0.19916862
0.14399931
0.23572847
-0.2657812
-0.0022421984
0.084008165
-0.10201653
-0.13772869
-0.2117393
0.03191025
-0.00171655
-0.38045874
0.0026009849
0.0054409485
0.049093626
0.04918895
-0.123000994
0.16219346
0.23782144
-0.0185313
-0.09493581
-0.3703502
-0.442404
-0.03630041
-0.15495476
0.10508626
-0.3921978
-0.21448866
0.26028386
-0.13469604
-0.012883116
-0.14974247
-0.19352111
0.04848935
0.016278602
-0.32693353
0.13777025
-0.035402056
-0.059127517
-0.5211634
-0.058849107
0.12734596
-0.0147319045
0.029119406
0.0400875
0.15791054
0.06909922
0.037776727
-0.1139999
0.1753422
-0.054674704
-0.17168862
0.073733054
-0.067776866
-0.14122121
0.09259495
0.011739772
0.053804025
-0.04743706
-0.050445706
0.073852286
-0.1490476
-0.14641708
-0.046530917
-0.20265314
-0.004387707
-0.121798985
-0.025935667
-0.3255704
-0.17134526
-0.050135117
-0.3514077
-0.13771458
0.20845859
-0.351029
0.010006813
0.10919741
-0.2153737
-0.14511497
-0.11349424
0.15928355
0.25229576
-0.12199384
-0.001882443
-0.080875486
0.4447575
-0.15204579
-0.2059409
0.047315232
0.055355836
0.20965038
0.17134587
0.117488705
0.15118924
-0.16008854
-0.16495782
-0.2783703
-0.14396708
-0.45851305
-0.38245013
-0.003841134
-0.07658092
-0.048801128
-0.08668798
-0.16358599
-0.37129742
-0.27156094
0.006700846
-0.008489215
0.038816568
0.0028458901
-0.047792252
-0.20252778
-0.28739408
-0.040666748
0.1252294
-0.48997608
-0.26485327
0.21804135
-0.084136374
-0.26177225
0.013399978
-0.36036783
-0.30470958
-0.033470795
-0.19619107
0.2221521
-0.07735728
0.14874199
-0.262433
0.008675916
0.16338123
-0.08595426
-0.07587426
-0.07644284
0.1590787
0.21589488
-0.42855388
-0.26872244
-0.040811326
-0.3949711
0.054181244
-0.015134471
0.15607929
0.05975993
-0.043503307
-0.33023143
-0.47809425
-0.5945533
0.24704473
0.26185843
0.23232538
0.062226173
0.09663205
0.29244736
0.006136027
0.23241062
0.17102292
-0.12958054
0.20332994
-0.030120356
-0.3725577
-0.23029454
-0.027477894
-0.06187213
-0.48587728
0.12782124
0.206543
-0.2226242
-0.22487505
0.2133769
0.4863755
0.4742772
0.18394601
0.107197806
0.1398363
-0.05578627
0.036084823
0.14920183
-0.1146479
-0.42535245
-0.052431423
-0.018457359
-0.13605604
0.1095147
-0.11242394
-0.053282965
-0.106745675
-0.04273823
-0.14437039
0.04489504
0.14938721
0.09719919
0.07702575
0.08673496
0.09970965
0.18889955
-0.31625056
-0.16699992
-0.01718512
-0.37960613
-0.03278951
0.37264338
-0.27537555
-0.33464953
-0.09118406
0.42388365
0.29720634
0.20442258
0.0048810714
0.3787782
0.5402883
-0.043014873
-0.37719962
0.0040629883
0.123351835
0.26036894
0.13390563
0.3391623
0.5203225
-0.14875902
-0.021196648
0.2647527
0.005787296
-0.24202435
-0.31705195
-0.118872836
0.19265448
0.24685334
0.27231252
0.055813108
-0.39011133
-0.15220319
-0.20638528
-0.19865777
-0.2749493
0.19013321
0.24200775
0.16292614
0.2015359
0.30951348
0.24079865
-0.13149124
-0.11150831
0.045524627
0.20348617
0.01722003
0.23921892
0.08232427
-0.17590027
-0.15334888
-0.20384267
0.19819546
-0.047147084
