6
10
3
3
0.06787184
0.14978118
0.1366354
0.19303066
0.2405336
0.18205
-0.09667138
-0.05565342
0.094476126
0.41010907
0.30459484
0.21930769
0.22230646
0.27126217
0.2979349
0.22684337
0.33021185
0.29479417
0.3580874
0.15745296
0.07432915
0.5413646
0.54115385
0.25931892
0.6336726
0.77670467
0.6403073
-0.07504203
0.009021491
0.03281265
0.06557134
-0.17742947
-0.106160805
0.04725043
-0.10327312
-0.010485229
0.2581317
0.5174621
0.077951916
0.18994741
0.6279926
0.57080495
-0.14101376
0.09356231
0.005786506
0.35605153
0.23447596
0.22156805
0.28393662
0.32493427
0.25853956
0.14137541
0.3915385
0.39555046
0.39607406
0.37851298
0.04992277
0.35185477
0.2800325
0.25589186
0.31431466
0.08035689
0.0537759
0.4576518
0.4182185
0.14045873
0.4187524
0.4082272
0.18931553
0.18574898
0.13275266
-0.07245474
-0.16744496
-0.033265684
0.07745259
-0.3265849
0.056756563
-0.01901913
-0.13896228
-0.38494107
-0.09210844
0.3940626
0.4608583
0.41636524
0.043914326
0.011423861
-0.00496742
-0.14619295
-0.12095145
-0.12639463
0.21240556
0.42405555
0.24310872
0.25916982
0.28005117
0.26595914
0.1275469
0.12035073
0.17348883
-0.46581206
-0.4246398
-0.3849822
-0.5011966
-0.269605
-0.317381
-0.40511572
-0.36623335
-0.28213814
-0.0035315258
-0.3388487
-0.4526258
0.36640692
0.07637082
-0.31914103
0.18837944
0.33742553
0.21403104
0.07975487
-0.03957908
0.0021459863
0.019208288
-0.024909878
-0.030923538
-0.040355187
0.035083
-0.046019167
-0.029373562
0.18844062
-0.09115184
-0.31018665
-0.065888375
-0.36177585
-0.96340203
-0.9790659
-0.81418574
0.056709934
0.00024826586
-0.087446176
0.052222338
0.13795666
-0.01930175
-0.15990655
0.04491864
-0.038086243
-0.29108527
-0.17460905
-0.23037666
-0.15102093
-0.22813922
-0.33885667
-0.4285131
-0.64932305
-0.46873668
-0.0039305193
0.0635476
-0.16073854
-0.32570887
-0.09864517
-0.16640998
-0.645362
-0.5511799
-0.27150398
-0.12649687
0.41663897
0.517786
-0.060021352
0.07352648
0.3875442
-0.21289124
-0.10116904
0.18007828
0.3450554
0.39013973
0.6896816
-0.18261997
-0.1346746
-0.057269286
-0.32297802
-0.40094683
-0.41264802
-0.1312314
-0.15028298
-0.1495582
0.04197722
0.30464652
0.014139033
0.06033786
0.056290127
0.101901144
0.030892756
0.20259689
0.2335725
0.08465771
0.11832567
0.21969242
0.04963538
0.11344891
0.305018
0.07401771
-0.13769062
-0.49012122
0.030298797
-0.05048431
-0.23355228
0.3868246
0.46703324
0.03926236
-0.017165532
-0.065570526
-0.17738922
0.039601363
0.07876563
0.017711615
0.110937305
-0.12758218
-0.11964114
0.5664893
0.59401745
-0.073127456
0.6072094
0.87035847
0.90384364
0.3641518
0.61353475
0.41299084
0.01416504
0.15166025
-0.091908164
0.08270314
0.049527433
0.08262342
-0.13804752
-0.024520291
0.25564858
0.3835948
0.39873087
0.06611643
0.5523795
0.5774908
0.39148638
0.46219227
0.28368384
0.25712457
0.33530635
0.5569669
0.054527327
0.30981266
0.3217029
0.09569367
0.38115746
0.08185707
-0.12919587
0.07056808
0.38750803
0.43098098
-0.035541467
0.15778132
0.6220577
-0.28231055
-0.077978835
0.099927366
0.1951156
0.36563495
0.47185624
-0.14045292
-0.106304325
0.061633054
-0.536422
-0.58700997
-0.36196423
0.16555241
0.16310574
0.12071311
0.20795318
0.3435292
0.36619794
0.32507193
0.2877936
0.2649226
-0.18115424
-0.33105835
-0.011749953
-0.2820913
-0.26834148
0.081165865
-0.2396808
-0.20191719
-0.1424656
-0.2179126
-0.44274047
-0.5419952
0.11250545
-0.16775532
-0.51000166
0.4082041
0.1976261
0.10848912
-0.036518376
-0.013126793
-0.0823
0.082925685
0.06996102
-0.05704639
-0.11054828
0.043729402
-0.16030627
-0.014709155
0.12573446
-0.13911326
0.30030248
0.5184507
0.261494
-0.14374831
0.07275296
0.11545263
0.0643205
-0.20030437
-0.16670129
-0.08013073
0.0035894942
0.15031448
-0.034009896
0.073854
0.13170895
-0.02289677
-0.034716442
-0.026453093
0.22028223
0.15071997
-0.0015812498
0.19381833
0.11902986
0.050252717
0.20701331
0.061243035
0.14329155
-0.0024398789
-0.010090534
-0.041931357
-0.09535828
-0.02810777
-0.08621672
-0.21959415
0.33613497
0.5357739
-0.28429487
0.382265
0.43094844
-0.19575271
0.045841094
0.39045262
0.16468242
0.6682794
0.7604038
-0.07431503
0.19454028
0.4877668
-0.34650096
-0.18933842
-0.2040289
-0.004351173
0.075781815
-0.03336869
0.3266775
0.1793353
0.3368657
-0.033954512
-0.009452246
0.3423746
0.39883608
0.41516876
0.27643114
0.09084856
0.21259801
0.30399594
0.36418098
0.36485595
0.49454626
0.47325984
0.333207
0.18660113
0.56287044
0.37741542
0.15226543
0.45359012
0.6293945
0.57092863
-0.0642414
0.16158478
-0.0011015461
-0.0032498178
0.012871574
-0.20811152
-0.06559611
-0.09619385
-0.18123764
0.20400622
0.2273163
0.230802
0.23047723
0.72940326
0.59112954
0.056757696
0.12973335
0.17550638
0.19922616
0.36632138
0.3583961
0.28728995
0.47894374
0.37432334
0.16988154
0.29512474
0.3507292
0.3317126
0.39493215
0.19840638
0.5072387
0.35483122
0.3618041
0.49637264
0.3264954
0.12029869
0.3849453
0.58860475
0.13453221
0.5404352
0.41229218
0.2874095
0.16082223
0.17465465
-0.09878986
-0.31543732
0.012142836
0.2030308
-0.34348664
-0.14345467
0.008408082
-0.2595926
-0.32468948
-0.26970828
0.46927494
0.3724631
0.6639888
0.078587525
0.24291575
0.07089455
0.09250976
-0.29188827
-0.10948048
-0.05807877
0.023167437
-0.11590114
0.16525249
0.28700274
0.35503146
0.080072425
0.33571184
0.073006995
0.05149523
-0.22998036
0.005281598
0.11409332
-0.18488126
-0.05361782
-0.00747918
-0.18883108
-0.1274778
-0.004199084
-0.13379826
-0.5561256
-0.04624607
-0.2734153
-0.44107488
0.21701662
0.12367736
-0.021785812
-0.06566978
-0.030673921
-0.012894482
-0.02305771
-0.13496876
-0.104268625
-0.09756219
-0.006745606
-0.00069361966
0.03004629
0.2764075
-0.042863943
0.46965855
0.8281519
0.36298162
0.002749063
0.32360923
0.19502579
0.14586389
-0.0026140881
-0.21028537
-0.08242006
-0.119484074
0.0024262834
-0.16481715
-0.08528928
0.029024646
0.0031800857
0.20177981
-0.10675129
0.40296653
0.3471285
-0.06062001
0.22576395
0.18846694
-0.012787015
0.14164148
0.33775157
-0.1124851
0.30132985
0.25460234
0.08550674
0.027399465
-0.10553675
0.070016846
-0.23013924
0.115566984
0.63918674
-0.18282439
0.18882349
0.6057365
-0.41669258
0.025999136
0.28577694
0.037122324
0.41343054
0.6704658
0.030845439
0.0060121743
0.3859136
-0.40466174
-0.27946687
-0.29525122
