60
-0.049100243
-0.067454346
0.91416675
-0.1166996
0.6169247
-0.05061877
0.4308853
0.018403064
0.76135325
0.121734165
1.3438234
0.15718624
0.019820187
0.33211556
-0.010699104
1.295898
0.13295735
-0.2255268
-0.8235724
-0.20890892
-0.042457256
0.029706605
-0.41165516
-0.15336636
-0.005717113
0.6531405
1.0640428
1.2104608
0.10259742
0.9381411
0.17834379
-0.17305654
-0.07360679
0.29901806
0.71713275
-0.36189637
-0.24805209
-0.5865423
0.23598537
-0.5475275
-1.1105986
0.27801755
-0.3346662
-0.09336213
0.7629561
0.010562617
1.7809457
-0.05572441
0.60203433
-0.64070165
-0.16556486
-0.030282851
0.058631428
-1.0498277
-0.39451697
0.46046793
-0.2865907
-0.114019945
0.6910156
-0.14294407
