60
17
-2.4352685e-33
3.0665957e-33
-1.5263051e-08
-2.1406808e-33
2.2215945e-33
2.4121188e-33
-1.781519e-33
-2.1493595e-33
-1.9494042e-33
1.9132127e-33
4.1289743e-15
-2.3703722e-33
-2.017087e-33
2.2579513e-33
-2.5548066e-33
2.2553633e-33
1.5438403e-33
0.014639068
-0.009394107
2.136985e-06
0.042455975
-0.015013507
-0.018060116
-0.03935705
-0.0009713198
-0.015752763
-2.2105412e-05
7.253507e-07
0.0048274803
0.010421666
0.00206173
-0.016602764
-0.015537848
0.046705443
-0.053080775
0.09202736
4.3767708e-05
-0.068398274
0.013545774
-0.06215057
0.06453752
0.04227817
0.12351371
-0.050884217
4.3390595e-05
-0.013030483
-0.011592328
-0.0012893481
-0.02588763
-0.021237254
-0.027249983
2.3419916e-33
-1.8692217e-33
-4.2336957e-33
-1.958927e-33
2.0031704e-33
-2.1069664e-33
-2.154306e-33
2.0088267e-33
-1.8197253e-33
-3.0230007e-34
7.9707146e-10
2.2491095e-33
-2.1342101e-33
-2.0929225e-33
1.5678997e-33
1.960019e-33
1.4629429e-33
0.041193593
-0.050844226
-1.7401893e-05
-0.029866928
-0.033163898
-0.006435871
0.04236321
0.106898606
-0.0429972
-0.0406414
-1.6803704e-05
0.001904595
-0.03358022
-0.015994001
0.031481735
0.108504415
0.0014604009
0.10881943
-0.0013913403
-9.878089e-06
-0.024138281
0.0027083333
-0.024076015
0.0012054587
-0.009101078
0.001739573
-0.03699953
-1.1479342e-05
-0.0070495824
-0.03590268
-0.016006883
-0.005461764
-0.00033022068
-0.013540176
0.030171972
-0.0046827225
0.00010596928
-0.0038406097
-0.006976875
-0.0012256238
0.03692614
-0.039509743
0.05147965
0.02939698
0.000103968356
-0.01781473
0.0379589
-0.014173278
-0.05378684
-0.061330553
0.058175046
-0.058570437
-0.019829728
-7.84704e-06
0.04130802
-0.014242527
0.008951854
-0.033536978
-0.0069423835
0.045148008
-0.041730028
-1.0577387e-05
0.011276503
0.001770318
0.024639893
-0.018606108
-0.029923523
0.09766441
0.006898873
0.0004975281
-1.2641176e-06
-0.002848985
-0.018612891
0.025329906
0.005869379
-0.010554452
-0.010247823
0.00426677
-2.0147e-06
0.0005567282
-0.0064071817
0.0032449542
-0.0031756866
0.030958796
-0.010154692
0.041797362
-0.028781023
-7.220372e-06
0.04403383
0.043543573
0.064268395
0.040983427
0.019289361
-0.058749802
-0.013216268
-1.1035599e-05
0.064708345
0.028375344
-0.0050527025
-0.036608353
0.0031108372
-0.034937825
-0.036695614
0.012710402
-3.8074086e-07
-0.0038728178
0.030705998
-0.0104762735
0.092932075
-0.04785373
0.0077027893
-0.022631668
-1.3188728e-06
-0.0012915024
-0.007039852
-0.0032005126
-0.03710089
-0.01367458
-0.007293418
-0.00081926695
-0.0069726408
5.259313e-06
-0.046343848
0.13286915
0.072632015
-0.01899658
-0.041976605
-0.06137987
-0.028098745
6.3274692e-06
-0.08978654
0.13153079
-0.020741457
0.00079313555
-0.010759034
-0.028097823
-0.004640106
0.00029924524
-1.7638507e-07
-0.0005336928
0.00015163515
-0.0005113554
-0.000782687
-2.549162e-07
-1.6621301e-05
0.00042262647
3.356371e-08
-7.384252e-05
-0.000680729
0.00066701864
9.1917405e-05
0.0012632323
-2.3660897e-07
0.029156787
0.08518638
8.078474e-06
0.043776065
-0.0305245
-0.036566608
0.036325544
-0.06632265
-0.058952816
0.082788095
6.263592e-06
0.03178711
-0.03055162
-0.0075115273
-0.018891191
-0.023255045
-0.0416406
-0.00025241144
-9.36114e-06
2.260888e-08
-0.00033965206
0.0003941265
-7.940918e-05
-0.0001851437
4.957415e-06
-2.8893473e-07
0.0001934952
1.0287741e-05
3.798807e-05
6.4245837e-06
-1.941731e-05
-1.4621227e-08
-0.0007582143
1.3440444e-07
0.012394302
-0.015302076
-3.0616095e-05
-0.015233589
-0.012379592
-0.029668301
0.012679975
-0.005489508
-0.010478301
0.025487877
-3.4637917e-05
-0.025443122
-0.009149069
-0.012057649
0.061005034
-0.012747025
0.04277158
-0.011433028
-0.0002925977
3.4418626e-06
0.038414437
0.0131122125
-0.035086032
-0.03458848
-0.014385305
0.025406156
0.015365307
-7.5154094e-07
-0.00047883857
0.018540638
-0.028923469
-0.0037200109
0.0190939
0.0032796587
-0.028121568
-0.030863551
-1.2916253e-06
-0.023048071
-0.011607025
-0.025897665
-0.064820684
0.1613043
-0.05600634
0.0101306345
-1.2620251e-06
-0.014974147
-0.0018340918
-0.015646838
-0.026218208
0.12550895
-0.018378112
0.009280392
0.014073534
-4.2056718e-07
0.08853357
-0.08059703
0.013859658
-0.04444964
-0.011775756
0.03536952
0.011239574
7.9622987e-07
0.07338567
-0.03386739
0.021436576
-0.056370478
0.0030553741
0.008591427
0.016697275
-0.022897473
-7.757095e-06
0.1120446
-0.03887559
0.0020886487
0.007937243
-0.012402208
-0.055497013
-0.029321235
-1.1683063e-05
0.019230414
-0.019632734
-0.00052435655
0.04317818
-0.009217161
-0.03072004
-2.1236198e-33
-1.7091932e-33
1.7547133e-33
-1.7941789e-33
1.6786662e-33
-1.833507e-33
2.2734783e-33
1.5594053e-33
2.0636619e-33
1.8814786e-33
-2.1159016e-33
1.9896855e-33
2.0126879e-33
-1.854058e-33
-1.7562356e-33
-1.7900894e-33
9.529235e-34
0.0011213929
-4.150979e-05
5.364892e-07
8.230792e-05
-0.00018013857
0.00149108
-0.00043524578
-8.096786e-05
1.9716712e-05
-5.8152884e-05
-2.685245e-06
0.00028010618
-0.00035019589
-6.998272e-05
6.598744e-05
-0.0017972884
-1.9044597e-05
-0.021927617
-0.05025148
7.101927e-05
-0.021084782
-0.03241485
-0.017304305
-0.10786952
-0.010837893
0.05783249
0.029368905
6.8342706e-05
0.041985262
0.0010112339
-0.028752845
0.025503095
0.024227528
0.12929663
2.0017052e-33
-2.0010214e-33
1.933506e-33
-2.0003632e-33
1.9093507e-33
-1.7675868e-33
1.8281678e-33
-1.8074846e-33
-1.959531e-33
2.2493184e-33
-3.9792776e-33
2.2444129e-33
1.8272514e-33
2.1523797e-33
-8.186155e-34
2.0726985e-33
1.736054e-33
-2.2347116e-33
5.8689154e-34
3.9870888e-33
1.951802e-33
1.4235147e-33
-1.9711231e-33
-1.831436e-33
-1.6842716e-33
-1.4017427e-34
-1.43964345e-33
3.0383355e-33
-9.003308e-34
-1.5735968e-33
-4.9779995e-34
2.1342059e-33
-1.1806153e-33
-1.0610362e-33
0.044781934
0.042708054
3.4538363e-05
0.027731141
0.020841435
0.05575731
0.04137174
0.058307692
0.023504326
-0.03572319
3.4696728e-05
-0.018095737
-0.025317332
-0.03321369
-0.03197806
-0.027535768
-0.03295083
0.104283266
-0.03415749
6.2701096e-05
-0.0010159333
-0.014066518
-0.00062051025
0.09346738
-0.03581628
-0.030274538
0.01695927
5.6043158e-05
-0.013404311
-0.033938777
-0.013742453
0.05202927
-0.016464392
-0.033210363
0.044957604
-0.011624352
1.7422284e-05
-0.013534045
-0.013458268
-0.026868505
0.04850036
-0.020287124
-0.0051447437
0.008974825
1.8557133e-05
-0.0122851
-0.004930319
-0.021352641
0.027108964
-0.0050181625
-0.0075054346
0.0041723563
-0.0018970966
-1.5845415e-06
0.00048247393
0.0037057083
0.002919774
-0.0040430045
0.00034308567
0.0026729351
-0.00075195817
1.005577e-05
0.0012631856
-0.01304577
0.00043662213
-0.002907589
-0.005870833
-0.0029450736
0.06676252
-0.044662688
7.487865e-06
-0.010006624
-0.031404614
-0.018417351
0.06931844
0.06049784
-0.046990495
-0.024030484
8.192117e-06
0.008887511
-0.020547712
-0.002632487
0.03249422
0.06888733
-0.024890417
-0.0030416986
0.00048686418
-8.175523e-08
-0.0030566114
-0.005306284
0.002118686
0.0025452422
0.005248636
0.016176382
0.0048357747
-7.824966e-08
-0.00066161586
0.0021845354
-0.0035801297
0.006450073
-0.0020123448
-0.005212749
5.5173317e-08
1.7489394e-33
-3.3901718e-14
5.1566832e-12
-5.2409324e-21
-2.6286558e-15
-3.6426504e-27
2.5925908e-33
-1.548993e-33
1.4957411e-33
-1.0116856e-09
2.2286297e-09
2.3219673e-10
5.2994614e-10
-2.3117121e-33
-1.0108617e-14
-2.0752532e-33
0.041744765
-0.0078053246
1.1554768e-05
-0.06983855
-0.009958184
0.12500842
-0.020204004
-0.022251433
-0.0365814
-0.015471541
1.1594605e-05
-0.033246428
-0.00028611012
0.14482705
-0.023189306
-0.017924836
-0.023262346
0.053823836
0.036292277
7.4418667e-06
0.060041398
0.07329042
0.06345495
0.025759816
0.039262544
0.08074724
-0.11194628
9.394918e-06
-0.0831055
-0.032929305
-0.08912486
-0.10189997
-0.06711572
-0.07517831
0.027262382
0.03320003
-3.0592262e-05
-0.028380407
-0.040418047
-0.01668588
0.036001716
0.03570484
-0.0059824707
0.007309003
-3.2178727e-05
0.004668427
-0.04132221
-0.011045981
-0.0013491085
0.035098545
-0.013908563
0.004870165
0.10080195
2.5698212e-06
-0.029606514
-0.0038240245
-0.016108392
-0.04185574
-0.023352094
-0.012355435
0.13510026
2.2939548e-06
-0.026743598
0.00810952
-0.0022733752
-0.020720994
-0.0490585
-0.015043829
2.0434158e-33
-1.5366415e-33
-1.835103e-13
1.8438775e-33
2.057592e-33
2.215317e-33
1.9483057e-33
1.8876968e-33
-1.5682792e-33
1.2654083e-34
4.892309e-06
1.6060919e-33
1.6187184e-33
1.8099338e-33
2.8609119e-33
2.3364258e-33
-2.023186e-33
0.04758847
-0.040722154
1.2048067e-06
-0.023966566
0.08946352
-0.0261707
-0.04612171
0.013719821
0.04416823
-0.031517275
2.5012196e-06
-0.0065290597
0.040587083
-0.03253066
-0.00044540915
0.02627458
-0.024465322
0.03209324
-0.05650557
6.286401e-06
-0.030330978
-0.01219954
0.04236119
-0.029327862
-0.039559614
0.076870486
-0.055147488
7.982018e-06
-0.012443774
-0.0002010846
-0.0018740594
-0.040077064
0.010167229
0.076034345
0.056167997
-0.047573708
-2.5139962e-06
-0.054254048
-0.047724444
-0.014573036
0.09404052
-0.06624168
-0.028831
0.0029065777
-1.0111598e-06
0.053833455
0.0502473
0.051875368
-0.062831186
0.035964586
-0.024005309
0.039929878
-0.014875824
5.326341e-06
0.035519995
0.015190328
0.034202784
-0.023452407
-0.030529093
-0.023086542
-0.0013666307
5.265743e-06
0.04068731
0.040467937
0.03572478
-0.02221912
0.037087787
-0.034320515
-0.027139338
-0.052517112
-5.6400473e-05
-0.031633344
0.026071439
-0.044874735
-0.020885041
0.03060565
0.029141057
-0.045722257
-6.054461e-05
-0.061057664
0.04673137
-0.034235906
0.039368197
0.049854144
0.06583825
2.0269062e-33
1.0394154e-33
-7.9219666e-13
1.835079e-33
-1.5621174e-33
1.8833058e-33
-2.2299541e-33
-1.4690008e-33
1.450842e-33
-2.0616059e-33
8.5014176e-11
-1.959566e-33
-2.0050308e-33
2.0159818e-33
-1.6341647e-33
-2.1413992e-33
2.1018948e-33
-0.022482347
-0.020662291
3.704382e-05
0.034655403
-0.044402234
0.05785412
-0.04264669
-0.012192835
-0.021756874
0.004779995
2.5628673e-05
0.05959768
-0.04387535
0.04162186
0.027031664
-0.013386584
-0.017787509
0.06676861
-0.019067975
-2.8662157e-06
-0.011204781
-0.02305237
0.0067112064
0.07090443
-0.0019491834
-0.0014106939
-0.029975668
-5.200187e-06
-0.0039981115
-0.043368883
-0.0442431
-0.013403836
-0.008785855
-0.025394574
-0.062389065
0.05714809
-4.3279533e-06
-0.034333035
0.00823009
-0.024590889
-0.053924005
0.12500234
-0.02609101
0.058818184
-4.3942155e-06
-0.0147549445
-0.03198085
-0.05053507
-0.044666696
0.092280135
-0.036675286
-0.116055325
-0.037295233
3.5833014e-05
-0.029449876
-0.012341185
-0.021105759
0.20595662
0.0041022287
-0.041318957
-0.02825424
2.2036671e-05
-0.017352318
-0.022319134
-0.012352851
0.18415125
-0.026502393
-0.02663186
1.8949456e-33
-1.6397463e-33
-4.0390574e-33
1.7464298e-33
-1.8390556e-33
1.7927455e-33
1.8705157e-33
-1.7295715e-33
-1.2260546e-33
-1.7001015e-33
9.307329e-34
2.24555e-33
-1.784995e-33
1.6897177e-33
1.3377666e-33
1.7921095e-33
-1.7822045e-33
0.014778836
-0.04183409
3.167103e-05
0.040425267
-0.034994263
0.059364118
0.008449798
-0.01806674
-0.009146761
-0.028511036
2.6103846e-05
-0.051042844
-0.02242225
0.010675062
0.10754522
-0.00023307341
-0.030169418
-0.016589502
-0.013493056
-4.875553e-06
0.081702486
0.05559194
-0.047448706
-0.05784086
-0.034345914
-0.028445978
-0.0050380896
-3.0331325e-06
0.09088587
0.06981423
-0.058788847
-0.030100465
0.018002411
-0.026242146
2.3662823e-33
-1.704064e-33
1.6689434e-33
-2.2420578e-33
1.6045277e-33
2.2195054e-33
-1.990305e-33
-1.7631425e-33
-1.538802e-33
4.714526e-34
-3.36564e-33
-2.0242419e-33
1.9807546e-33
-2.1694314e-33
2.442645e-33
1.6098109e-33
2.8931383e-33
-0.033015247
0.11262088
-5.082271e-06
-0.017083459
0.0033380028
-0.023571577
-0.010562015
-0.026473882
-0.010170291
0.13500385
-1.4959791e-05
-0.009230484
-0.020733185
-0.012010113
-0.029355846
-0.022050014
-0.017684655
0.07764647
-0.014817752
2.1077226e-06
0.017902646
0.017056862
0.008150097
-0.092415065
-0.008894562
-0.011485723
-0.0003260719
2.0514285e-06
-0.0010003494
-0.005350471
-0.002390639
-0.003265157
-0.001829589
-0.0003605762
0.054759983
-0.0862402
7.6073e-05
-0.044389326
-0.05814595
-0.045826986
-0.055874705
-0.061840232
-0.040959347
0.06160371
7.360301e-05
0.08308458
0.07389324
0.077368915
0.08174843
0.052425418
0.035661276
0.04219024
-0.028941473
5.217457e-06
0.03367373
0.0035613878
-0.03143695
-0.002929588
0.001255409
-0.006344291
-0.030819418
4.70033e-06
0.09688063
-0.01403711
-0.018438328
-0.026104243
-0.010196181
-0.02322947
0.05569581
0.0720847
6.156022e-05
0.007269185
-0.0258047
0.041659392
0.048357584
-0.0065883594
-0.07542257
0.08690343
5.5422563e-05
-0.018716851
-0.020181935
0.003653881
0.0029701232
-0.037088696
-0.049477648
0.068687215
-0.0028523891
1.6528877e-06
-0.010638381
-0.015147204
0.007948791
-0.037870146
0.09120623
-0.015502795
-0.01784791
-1.1391876e-08
-0.039697856
-0.036593605
-0.02126839
-0.04382247
0.07272371
-0.019849932
0.0030087517
-0.010727126
6.8835634e-06
0.0010464708
0.10398944
-0.048233632
-0.040129416
-0.0068909605
-0.017712977
-0.018229896
7.097329e-06
-0.011499933
0.045916405
-0.0059986087
-0.01791271
-0.0040517417
-0.019382596
0.009369101
0.081006706
4.2200176e-05
-0.027128987
-0.01971233
-0.0056003975
-0.050170396
-0.05013142
-0.0029128168
0.08331693
3.5811492e-05
-0.030232562
-0.034414064
-0.015967159
-0.00029159008
0.026050085
0.030110678
0.06338833
0.03992019
1.2442335e-06
-0.0051471274
-0.040086433
0.0129809445
-0.032447014
-0.052898902
-0.025251487
0.0317365
1.7872114e-06
-0.0040635774
-0.014105405
0.057438526
-0.0008351202
-0.0021931867
-0.039312538
