6
10
3
3
-0.25151485
0.27140307
0.68216574
-0.5368579
-0.12528665
0.46929502
-0.4223395
-0.17437811
-0.06362847
-0.7295187
-0.038068254
0.29626137
-1.1123282
-0.63805896
-0.37244004
-0.8174707
-0.91777503
-0.9250984
-0.43067223
-0.3032819
-0.0762669
-0.8102629
-0.45200112
-0.039630115
-0.59365714
-0.5908436
-0.29425278
0.64906394
0.6955132
0.62507534
0.57281435
0.6588774
0.5542368
0.7983645
0.4974451
0.5576399
-0.16569354
0.48390573
0.7848228
-0.79855746
-0.017153317
0.42357883
-0.8112748
-0.52006036
-0.29867446
0.34097722
0.041032564
0.1348561
0.718348
0.51019156
0.40500963
0.63680285
0.6858854
0.5700395
-0.15973754
0.3602386
0.57911104
-0.25228783
0.013822245
0.39234886
-0.05476738
0.056307267
-0.056547172
0.41289175
0.26351944
0.39216283
0.5938467
0.37852165
0.5000371
0.52893597
0.5246943
0.6003961
-0.4617248
0.42328963
0.5482539
-0.8222025
-0.096264616
0.24545498
-0.71228284
-0.24600944
-0.16987534
0.4095369
0.49191967
0.53904194
0.34432
0.3963817
0.6010089
0.08836786
0.35791788
0.3525026
0.41788203
0.51737183
0.18555708
0.5783619
0.59853244
0.49293166
0.20939985
0.19834797
0.018431185
0.3363326
0.5166361
0.34671634
0.12664516
0.53028
0.31935185
-0.28896397
-0.11551032
-0.18203597
0.017811915
0.21306573
0.2783109
-0.053502284
0.29235142
0.3234713
0.02646227
0.20926988
0.37946948
0.07989131
0.2082352
-0.07772987
0.30257314
0.2589549
0.015719842
0.25541958
0.28655893
0.01727247
0.28632212
0.39011675
0.005927835
0.3455125
0.6053831
0.4834314
0.12258509
-0.042920038
0.051359303
-0.056441
0.04590907
0.084824234
-0.1139265
0.030017817
-0.09729624
0.13315772
-0.07752303
-0.077297665
0.26142806
0.5503605
0.38463894
0.15577155
0.52965456
0.31816167
0.25738162
0.14897716
0.110334724
0.27555108
0.2206718
0.03383189
0.37080333
0.25532874
-0.013192799
0.22568081
-0.051610444
0.027342027
0.37857008
0.47315943
0.23329383
0.4011077
0.6277172
0.4680098
0.030054979
0.19373827
0.053776067
0.25758463
0.18790029
0.1823934
0.19285224
0.19613764
0.17373896
0.16528842
0.2045868
0.29793683
-0.20462073
-0.8683305
-0.73499954
-0.63467413
-1.092197
-1.1922001
-0.49951172
-1.1733319
-1.1086397
-0.008165283
-0.16880012
-0.22258851
-0.45762146
-0.7399785
-0.5257002
-0.052330825
-0.17731635
-0.19838072
0.44679004
0.5748758
0.34000316
0.48212582
0.1260988
0.2675366
0.4323832
0.19506904
0.08218106
-0.88359374
-1.1580075
-0.1306837
-1.3997384
-1.3038973
0.01733888
-1.586632
-0.9769187
0.1867355
-0.046046834
-0.4044328
-0.32786265
-0.57217187
-0.8208923
-0.72851086
-0.49845225
-0.87598073
-0.7327529
0.33908927
0.50329584
0.35334194
0.71539825
0.81136394
0.5523935
0.53464323
0.6446509
0.4919155
-0.2048256
-0.45891124
-0.64479977
-0.47591224
-0.84538114
-1.0297357
-0.46628517
-0.919807
-0.65219885
0.0027364402
-0.069774255
-0.3385618
0.030687695
-0.167742
-0.36994925
-0.34631208
-0.121108525
-0.2054432
-0.2673587
-0.41414994
-0.4751141
-0.6544735
-1.006206
-0.7143138
-0.56697077
-1.0616108
-0.80451536
-0.14820713
-0.38281208
-0.4428573
-0.58401114
-0.55118954
-0.30612186
-0.60108775
-0.7210384
-0.64029634
-0.23653415
-0.16363631
0.29313743
-0.6721743
-0.7006704
-0.08230627
-0.5716187
-0.67927814
-0.3309304
-0.63512486
-0.16661468
0.23994258
-0.9250745
-0.85333323
-0.43042225
-0.4614243
-0.35332316
-0.1556056
-0.17853422
0.14056087
0.539922
-0.0918597
-0.36601487
-0.03222918
-0.2293005
-0.37954742
-0.16799851
-1.770674
-1.5007775
-0.45211518
-2.0068521
-1.7255051
-0.52371556
-1.953433
-1.4937891
-0.61018413
-0.51292753
-0.23441947
0.1523845
-1.2556909
-0.9660759
-0.38622716
-1.1367842
-0.8001706
-0.6167295
0.5550116
0.46573594
0.11946427
0.6879831
0.6670688
0.5165666
0.6051208
0.700351
0.49062353
-0.35902283
-0.4854761
-0.06829676
-0.72360677
-0.8954283
-0.29012987
-0.38318214
-0.6620527
-0.07380889
0.5560741
0.2474304
0.078749865
0.22433852
0.31262225
-0.015842421
0.32739866
0.2293845
-0.0924671
-0.47191453
-0.45531008
0.10143748
-1.2284608
-0.9417479
-0.33467138
-0.99513453
-0.7884399
-0.3115295
0.10946384
0.0828582
0.26642117
-0.2240001
-0.08134032
0.17772023
-0.10439718
-0.3941002
-0.05712826
0.6303043
0.14818297
-0.2887456
0.49475765
0.07950701
-0.036461707
-0.017587999
-0.15373588
-0.27090114
0.55666363
0.587426
0.31472087
0.3088415
0.29732162
0.4641502
-0.3426021
-0.19987555
0.11286383
0.4149738
0.59304625
0.24054088
0.3941486
0.60575545
0.4550859
0.3725477
0.42784736
0.35797948
-0.10980523
-0.29645112
-0.5013524
-0.050227314
-0.1882889
-0.51050705
-0.27466723
-0.3051097
-0.65446997
0.5259792
0.33320782
-0.015773483
0.39976394
0.15577838
0.042157542
-0.013587051
-0.041515995
-0.17133544
-0.036189422
-0.051756386
0.048599664
-0.007709186
-0.12918378
0.0037741386
0.23121603
0.0034952809
0.046991747
0.39281628
0.08885267
0.0062343827
0.21724086
0.059998278
0.022986358
-0.12719733
-0.3622676
0.017844109
0.09942864
0.04814902
-0.17593387
0.11161443
-0.007878543
-0.44925913
0.068019375
-0.21703598
-0.31661436
0.62018377
0.51750183
0.03306796
0.3971555
0.17959979
0.036225248
-0.13175823
-0.052298486
0.066566125
-0.08372565
-0.19343969
-0.23898484
0.0052234493
-0.06207652
-0.20719512
0.03742679
-0.10503454
0.19766276
0.57051766
0.49862212
0.13439916
0.44925666
0.47338814
0.25553975
0.16761297
0.16511321
-0.10402052
0.56368524
0.6004318
0.41096655
0.34762117
0.47037172
0.47755685
-0.3837862
-0.12659013
-0.12266576
0.3736972
0.37997204
0.085357
0.10810014
0.46286753
0.5128178
0.20865548
0.18395425
0.35216513
0.24413715
0.053693455
-0.20842095
0.18090819
0.05028308
-0.05083804
0.123816796
0.12911372
-0.33292544
0.42432132
0.23612167
-0.10552023
0.48736006
0.50292695
0.23870882
0.055973563
-0.06725543
0.034536768
-0.1926814
0.042537354
0.16235054
-0.086198345
-0.15838535
-0.18071824
0.13040382
0.08625604
-0.12415971
0.22848551
0.44223598
0.17157537
0.24648482
0.30843863
0.39520416
-0.065129295
-0.0331486
0.028613627
0.12674683
0.013789891
-0.10569518
0.21422729
-0.054456502
-0.06573502
0.29026943
-0.09357318
-0.22439826
0.5629017
0.5565609
0.35881945
0.46211225
0.54887885
0.25886443
0.036785617
0.2294723
0.06120632
0.17756118
-0.12416397
0.04410458
0.09165045
0.09921358
0.0038080188
0.0543085
0.08417124
0.27664113
