3
6
5
5
0.10697076
-0.050934255
-0.16268106
-0.28308424
-0.29781103
0.14400661
-0.0036400165
0.029987669
-0.32609138
-0.24815854
0.12771781
0.2227447
-0.013628057
-0.2206017
-0.35221505
0.34293583
0.25789198
0.072443135
0.018095093
-0.19272096
0.3608229
0.15300515
0.16619919
-0.11980925
-0.013766043
0.45692343
0.19328861
0.27430105
0.21102726
0.021231448
0.63711065
0.31813556
0.31708777
0.111934766
0.009008411
0.67578727
0.545694
0.27692083
0.061701946
0.054387987
0.17552988
0.13127989
0.22118492
0.20251669
0.09794749
0.06125567
0.10710442
0.12328524
-0.0062313844
-0.082728095
0.14253658
0.04850838
0.11010451
0.23797022
0.45610562
0.04398827
0.12881635
0.107625164
0.124410205
0.19514067
0.22289655
0.06430944
0.25944316
0.27796802
0.4629404
0.47113675
0.40271953
0.25092462
0.15988405
0.2282586
0.4160996
0.4041062
0.4493137
0.37271118
0.43810093
0.26432276
0.09449693
0.07395739
0.057016503
0.24208504
0.28120232
0.11886696
0.10233543
0.12692663
0.0059427754
0.32323408
0.23238437
0.17082693
0.043196857
0.0033114944
0.4061678
0.4277071
0.14025444
0.1748633
0.17051142
0.5077024
0.39615956
0.5599627
0.288608
0.46767336
0.39326808
0.15694441
0.3115544
0.4142818
0.4184159
0.3506019
0.39422575
0.37963817
0.6550798
0.72745156
0.40251255
0.5068569
0.39984626
0.5923408
0.6095395
0.2017471
0.28231764
0.46408236
0.59252393
0.5864486
0.058681842
0.14388643
0.28267533
0.6205133
0.6791513
0.394867
0.52023584
0.33205283
0.34048918
0.041460883
0.54316133
0.78711784
0.70032114
0.4126753
0.20906468
0.5602814
0.77514833
0.56082153
0.48294944
0.49965456
0.4237129
0.3919891
0.39995876
0.4471928
0.32246596
-0.0240603
0.061515145
0.1498009
0.31179985
0.15632783
-0.07260589
-0.27506214
-0.5543087
-0.530111
-0.7028621
0.20609361
-0.14747186
-0.5226034
-0.4836835
-0.6731786
0.13843814
0.05242024
-0.08682744
-0.47038335
-0.6479661
0.12711422
-0.011111263
-0.13668536
-0.3264435
-0.34436452
0.035950627
0.126646
0.009353603
-0.09246079
-0.29969025
0.5972768
0.5819492
0.45503375
0.37989932
-0.027043033
0.6691906
0.6725588
0.6484821
0.60180396
0.4390922
0.5856929
0.6810917
0.5990626
0.5841431
0.43142736
0.3103557
0.46088207
0.28328067
0.09678778
0.11300421
-0.1991569
0.051345002
0.018826008
-0.1339151
-0.243722
-0.0002678836
-0.17339456
0.01006169
-0.0025809717
0.12880565
0.11202702
-0.07747267
-0.13280475
-0.1409621
-0.04502639
0.12064003
0.010607429
-0.1512787
0.014528735
-0.01658308
0.24541776
0.108088255
0.119886816
0.2538787
0.17079765
0.5235503
0.40257138
0.26941645
0.34520155
0.34630844
0.33692762
-0.043933388
-0.3441126
-0.2843086
-0.14714514
0.1940016
-0.056708544
-0.2349837
-0.33805445
-0.35478145
0.35227337
0.1403671
-0.018951813
-0.042658772
-0.21218513
0.37824637
0.34420097
0.034196567
0.107884206
-0.07056596
0.60215104
0.42908835
0.44297037
0.22728345
0.27570102
0.291727
0.36871517
0.71610767
0.6321589
0.79917103
0.3729712
0.60305107
0.7570012
0.9126668
0.82563895
0.5934236
0.5579829
0.86144656
0.9730481
1.0723158
0.24008775
0.58985525
0.66810334
0.7526259
0.8283483
0.31983963
0.38389105
0.5422332
0.5678138
0.68063706
0.6943731
0.9053817
0.9168336
0.822739
0.4877472
0.82290953
0.95921564
0.9559085
0.98267794
0.9069713
0.699935
0.78933746
0.9227051
1.0736176
0.92718387
0.25512603
0.51265883
0.67674136
0.64631736
0.6551702
-0.07454927
0.2025611
0.31914264
0.19699258
0.37829748
0.3453718
0.47468022
0.25759372
0.2131796
0.19131716
0.59954023
0.37647396
0.5290183
0.23659281
0.18422028
0.61812174
0.53904796
0.34192535
0.3749698
0.24866793
0.5744168
0.6036492
0.47870958
0.48464882
0.26993486
0.6821242
0.45350587
0.5263629
0.49808174
0.4896838
0.44856367
0.5265344
0.76852316
0.61610496
0.3663645
0.4481662
0.7867003
0.81547946
0.66432583
0.46662125
0.7355229
0.8605013
0.8740657
0.65936863
0.44842547
0.23094088
0.49196082
0.3137586
0.4316252
0.29896802
0.0634211
0.07720455
0.10031233
-0.10777272
-0.012950306
-0.4857411
-0.45124632
-0.7275816
-0.66132593
-0.45511076
-0.27999967
-0.67055804
-0.57237273
-0.56689
-0.40860277
-0.29923096
-0.31073922
-0.6543238
-0.41951662
-0.24693404
-0.20207644
-0.3385601
-0.3361204
-0.24201658
-0.1326234
-0.007773629
-0.0445363
-0.050106764
0.1926942
0.20686637
-0.045416296
-0.36730888
-0.7567153
-0.8873928
-0.5027111
0.045086924
-0.49435437
-0.66576546
-0.8351823
-0.67029876
0.027271517
-0.25549057
-0.52235305
-0.60925525
-0.47414276
-0.0643866
0.027047291
-0.20614682
-0.41423625
-0.2918503
0.35903507
0.039927427
-0.042905018
-0.14937791
0.06783058
-0.037017245
-0.21993731
-0.12990454
-0.070339434
0.05862145
-0.20248204
-0.27092633
0.11665464
0.16281386
0.32893986
0.0007430808
-0.17702064
-0.04361344
0.020569826
0.26926076
-0.20574425
-0.10991425
-0.23569708
0.033958036
0.28065172
-0.40187705
-0.38995987
-0.19098338
-0.038074967
-0.11599671
0.263556
0.28071195
0.49977988
0.55981433
0.47478038
0.35011873
0.52053
0.89239955
0.7299977
0.7703731
0.2263986
0.52445316
0.6857143
0.7962431
0.6799589
0.113320924
0.19282906
0.46723428
0.3368678
0.3805061
-0.23242433
-0.16168621
-0.18856771
0.03417213
-0.135726
