10
14
3
3
0.052503083
0.25442797
0.3468086
-0.060490854
-0.07187141
0.047361244
0.1853023
-0.0086271325
-0.2182178
0.10247626
0.23255877
0.093355626
-0.006118258
0.02969971
-0.049305476
0.04694657
-0.15425143
0.10292681
0.08032043
0.123714305
-0.26755124
0.062208317
0.42533258
-0.02906147
-0.18457042
-0.18723954
-0.14593542
0.043956205
-0.030831492
0.1835522
0.027635152
-0.22308335
-0.2489249
0.13185704
-0.07568062
-0.3318871
0.09944482
-0.028144835
-0.025037108
-0.04432813
-0.018854171
-0.046454083
-0.013929352
0.0070097996
0.03460026
0.15549399
0.14305975
-0.26992658
0.10525353
0.121562906
0.0069224113
0.10492942
-0.02895628
0.081597574
0.06972805
0.18242927
-0.38636538
-0.011607725
0.2735868
-0.17456977
-0.22818743
0.17509146
0.15814567
-0.39721683
0.08727279
0.09014218
-0.1808687
0.113398075
-0.098511264
0.36399987
0.29147866
-0.016730214
-0.043552734
0.029311603
0.05110556
0.13783991
0.014588395
0.32811457
-0.18078211
-0.4344881
-0.017836116
0.088600524
0.1544176
0.20078573
0.27926755
0.016161073
-0.31289276
0.18478388
0.021115407
-0.10416811
0.0585296
-0.037489537
-0.11553109
0.2046391
0.039261095
-0.059702042
0.18509565
0.066423185
0.16496578
-0.22906357
-0.3687371
-0.07617429
-0.16809687
0.026948186
0.11829608
-0.054794002
0.15041257
0.1144717
-0.21903172
-0.35908234
0.26279947
-0.10049375
0.0035726144
0.20823419
0.1555539
0.1266123
0.15464768
-0.11787608
0.010594414
-0.18259446
0.31965286
0.15185401
-0.104589835
0.1393498
-0.061537687
0.055781085
0.2026661
0.44514236
0.2367234
-0.34113517
-0.15949675
0.046146628
-0.040410955
-0.12790553
-0.32152086
-0.108337566
0.088160396
0.05865419
0.027114462
0.13734308
0.13507503
-0.20577118
-0.06147916
-0.10607202
0.051419605
0.06685337
0.052349463
0.028731791
0.21361068
0.05147338
-0.49534383
-0.061703663
0.2512021
-0.040503316
0.040346853
0.09658806
-0.08747701
-0.32920244
-0.014584134
-0.033477653
-0.37726322
-0.54542905
0.001525644
-0.06613054
-0.038107846
0.18053962
0.13989893
0.0807837
0.08307201
-0.055519976
0.00021588212
0.011240138
-0.3483106
-0.5053821
0.2152801
0.20178445
-0.19147772
-0.38765272
0.042369265
0.28499314
-0.16586208
-0.14773028
-0.27146152
0.24374305
0.23086287
-0.12561539
-0.09273559
0.1464639
0.20424023
-0.17762677
-0.10886193
0.27034703
-0.17560272
0.12714706
0.090646654
0.15811564
0.023520412
-0.29112515
-0.14926876
0.09708751
-0.05606618
0.17354509
0.14622724
0.27125892
-0.22191812
-0.15081
-0.00037117267
-0.084346265
0.06287541
0.03097429
0.09113196
-0.15871304
-0.24589278
-0.009099407
0.1196269
-0.06472931
-0.2707485
-0.1678349
0.0067922026
0.0015010887
-0.09584539
-0.2475033
0.08193113
0.11844196
0.08576648
-0.20813197
-0.2370253
0.09061938
-0.13361618
-0.03155453
0.022217251
-0.120547056
0.0812119
0.0941873
-0.2344178
-0.27790663
-0.13403164
-0.076894164
-0.124986626
0.09415755
0.17002164
0.16729361
0.10176227
-0.11745006
-0.16402766
-0.24748777
0.20684822
-0.022015898
-0.23472238
0.113068484
0.22329272
0.18836585
0.04869586
0.2247016
0.15539841
0.15007988
-0.045771107
-0.24411944
-0.01711313
-0.017993394
-0.25209063
-0.055389557
0.025342053
-0.019885486
-0.15464462
-0.1399635
0.11025499
-0.07449444
-0.12026757
0.05606141
0.08281539
0.035625983
-0.010625079
0.046366997
0.14541511
0.11979614
-0.4441578
-0.03880661
0.26394954
0.05443959
0.021538138
0.14310497
0.1016785
-0.23654671
-0.009753908
-0.022969
-0.439122
-0.25798598
0.022010414
-0.1284982
-0.007526044
-0.12556864
0.062159263
-0.10634253
-0.031876113
-0.1761156
-0.037770674
0.23784307
-0.22128406
-0.46410593
0.08675321
-0.01335523
-0.19629356
0.1951341
-0.15505631
0.089268
0.018596547
-0.0979726
-0.03531791
0.079119146
0.29029894
0.076619714
-0.21055648
0.063897915
0.06455428
-0.028604455
-0.055253014
-0.01919963
0.21838365
0.079039045
-0.14214464
0.13122536
-0.025528941
-0.32489836
0.056385044
-0.025258994
0.06510054
0.14755258
-0.124096476
0.1671104
-0.09936457
0.015284479
0.09294258
0.020471863
-0.22022726
0.03917773
0.11480299
-0.19808465
-0.29619953
0.04169462
-0.09176789
0.09690478
-0.12935798
-0.44491974
-0.2609377
-0.10951876
-0.26205474
-0.14806002
-0.024872508
-0.020853963
-0.00397487
-0.3548966
-0.2910172
0.40264714
-0.11279868
0.0011651058
-0.12664557
-0.07238432
0.17064145
-0.19993445
-0.29176718
-0.08811092
-0.24017353
0.16366382
-0.014257745
-0.2635944
0.17495978
-0.06849658
-0.19425611
-0.19467126
0.01974418
-0.2582584
0.10906739
0.18094958
-0.039947458
-0.13334717
0.1759987
0.079774074
-0.096526645
0.09646815
-0.39309743
-0.01179625
-0.08638825
-0.5233687
-0.12656747
-0.030452186
-0.57749844
0.14936517
0.10622135
-0.090045825
0.098081075
-0.007491555
-0.2849204
0.100985125
0.35154638
-0.18806693
-0.19986211
-0.52644616
-0.53672564
-0.080103755
-0.37353107
-0.6052406
0.21710856
-0.43816015
-0.3821915
-0.020925833
-0.42671263
0.048892684
-0.25442103
-0.29717633
0.18055779
-0.054914646
-0.4403829
-0.14189291
-0.18671925
0.1717443
0.13581912
0.039840113
0.068251796
0.011574089
-0.015447915
-0.09449406
-0.05755821
-0.63694155
-0.827007
-0.60705215
-0.5607548
-0.72078824
-0.40652472
-0.4806436
-0.7551927
-0.53146404
0.41829774
-0.3936702
-0.53803825
0.20727976
-0.24015363
-0.40273896
0.2342164
-0.24127474
-0.4533194
-0.34959525
-0.0065537854
-0.20559666
-0.30986312
-0.2188942
-0.4597042
-0.10612681
-0.16929571
-0.23222965
0.021955904
0.013027044
-0.50708604
0.54745734
0.07605157
-0.9033748
0.34180757
0.19480643
-0.9579127
-0.8281102
-0.88101274
-0.2433259
-0.7497442
-1.0259066
-0.59970975
-0.7790844
-0.81886995
-0.5227025
-0.4733508
-0.5058857
-0.0734462
-0.62818635
-0.32564753
-0.20746481
-0.2572483
-0.37856185
0.035515293
0.029682824
0.046426993
-0.29729274
0.24184307
0.3174762
-0.19900525
0.17542686
0.42632458
-0.23970151
-0.35095268
-0.15092127
-0.25885975
-0.5608042
-0.105119705
-0.19245213
-0.6207271
0.009066318
-0.2917877
-0.1003273
-0.6129832
-0.52859175
-0.15146448
-0.5544703
-0.4460645
0.3010347
-0.44024742
-0.44824547
0.102063
0.061787635
0.095724255
-0.18913898
-0.2667306
-0.20101628
0.17792659
-0.06502508
-0.16856807
0.16135414
-0.04682382
0.11056671
0.028666329
0.04393981
0.054000802
-0.1849189
-0.16246773
0.024364972
0.030978218
0.13437831
-0.10780829
0.07182933
0.30674413
-0.057685997
-0.41211498
-0.25000158
-0.10570177
0.18486856
0.11657214
0.2597752
-0.043814696
-0.15458106
-0.035237614
-0.013593944
-0.09316419
-0.26550522
0.041224763
0.051650055
-0.04045588
-0.036745068
-0.040307518
-0.08863013
-0.1244818
-0.022938602
-0.002462277
0.25652164
0.11086478
-0.15672618
-0.057388753
0.13185054
0.023505153
-0.15195829
-0.3234845
0.31495267
0.22002345
0.18905193
-0.44347262
0.15748736
0.10979322
-0.09654415
-0.26025286
-0.087958075
0.09137247
-0.43184474
0.1632772
0.046849057
-0.22290276
-0.03856307
-0.016837254
0.11798392
0.3129666
-0.15195793
0.0014763944
-0.009770091
0.020154443
0.15218656
0.07530166
0.16065973
-0.09300906
-0.41784263
0.026307294
-0.16085309
0.01602826
0.21606326
0.106366836
0.09480431
-0.32789326
0.08515327
-0.08978616
-0.11859671
-0.054635894
-0.3503261
0.06260287
0.12581316
0.07483895
-0.14441936
0.16575104
0.031297017
0.074134424
-0.06411434
-0.2927149
0.072598115
-0.021004565
-0.04056599
0.11424936
-0.06387371
0.22889723
0.05234886
-0.018519858
-0.24298188
0.032608964
-0.008447943
0.07319016
0.06773493
0.14887899
0.061380073
0.10489441
-0.00032242812
-0.10032929
-0.21833712
0.27581486
-0.0023368343
0.08477485
0.25342134
0.13494083
0.032829013
0.17874163
-0.47257516
-0.34895256
0.26014227
0.036972992
-0.11034473
0.20080781
-0.0005380549
0.23606275
0.058299124
-0.60022885
-0.29539767
0.012298729
-0.35679933
-0.65039074
0.23102304
0.09002671
-0.122823596
-0.42162263
-0.19002387
0.19243339
-0.3045901
-0.44725224
0.056475423
0.32080376
0.0825096
0.06784573
0.3084962
0.3881509
0.38613182
0.18397962
0.27621737
0.24431737
0.28039315
0.39819688
0.53147125
-0.031551346
0.028757552
-0.10893597
0.077702686
-0.1006144
-0.010521798
0.058521304
0.05957442
0.069059454
0.029196491
0.14863828
0.20807543
0.16032174
-0.2595103
-0.17600095
0.63068503
0.1300355
-0.27755085
-0.30169657
-0.0787245
0.4261762
-0.3629053
-0.3144674
0.22679208
0.24159326
-0.0045989244
-0.22143513
0.44939592
-0.17657898
-0.03340855
0.060841706
0.012066577
0.16757312
0.05429966
-0.097119205
-0.014029524
0.20747261
-0.22650427
-0.0591343
0.2644691
-0.3284987
-0.49939767
0.33490127
0.21651733
-0.11649364
-0.06184484
0.043002658
-0.15758419
-0.13718377
0.039361157
0.10089628
-0.05448577
-0.13454007
0.22336647
0.018030692
0.28935155
0.16829343
-0.29081914
0.059206918
0.23393102
-0.11277596
-0.29273504
-0.12062989
0.16593818
0.11696804
0.13010965
0.025091222
0.120989054
0.038840726
-0.14840077
0.13621761
0.08218185
0.42657053
0.17489831
-0.20369267
0.40124094
0.13833357
0.0020040942
0.21181557
-0.28327653
-0.36192995
-0.25428024
-0.12985124
0.30194154
-0.37370282
-0.40804502
0.24227464
-0.32256836
-0.34949383
-0.30884445
0.10127555
0.2926678
0.26275578
-0.22924122
-0.009867485
0.021483546
-0.008024239
-0.03874275
-0.238999
0.16057846
0.17981595
0.08283622
0.03269773
0.017734876
-0.087135926
-0.124858186
0.08021631
0.043358505
0.03563244
0.23987792
-0.077002116
0.33309317
0.14802715
-0.15273291
-0.18358068
-0.121062875
0.028992051
0.12703204
-0.053616796
0.19594352
-0.067446575
-0.063892595
0.039557815
0.15093873
-0.30677286
-0.26647872
0.024773253
-0.13741758
-0.09920605
-0.03771658
-0.13022107
-0.012511067
0.0019247317
-0.07616411
0.11133195
0.117472984
0.0034280596
-0.11374412
0.12477849
0.09228736
0.03391813
-0.12574853
-0.10722517
0.2617278
0.13303338
0.02394056
-0.23063311
0.15158334
0.3602589
-0.27151147
-0.23327436
0.14211863
0.061403096
-0.3917765
0.020260528
0.20753138
-0.08070575
0.12968995
0.07577348
0.17995743
0.086786866
-0.07522748
0.085810445
0.10985628
0.015720613
0.15691385
0.13921322
0.26251018
-0.22556597
-0.37953168
0.04572609
0.028615892
0.13304481
0.32848528
0.12443121
0.057283513
-0.16243108
0.32603747
-0.065959476
-0.10731763
0.15184285
-0.10308562
-0.048011202
0.13525322
-0.052001134
0.030081155
0.05773879
0.16797297
0.28297198
0.0612436
-0.2359958
0.11441754
-0.020109111
0.04568541
0.116795264
0.10724257
0.4147609
0.12676652
-0.26094198
-0.23575595
0.33835855
-0.34757027
0.14295065
0.35700047
0.09144064
0.13046333
0.23998252
-0.14208193
-0.01831883
-0.30935556
0.3190424
0.18131015
-0.34371045
0.21981724
-0.10671773
-0.0067505487
0.01739128
-0.26470572
0.17877702
-0.0017150769
0.0050725024
-0.06527599
0.410499
0.1420221
0.007834475
0.34750524
-0.15576191
-0.14619178
0.47596171
-0.16744436
-0.2036211
0.32580087
-0.16494375
-0.1262137
-0.24633239
0.20736231
0.22115986
0.103455715
0.06719234
-0.28731218
0.095884494
-0.19934765
-0.4049085
0.40654302
0.21584201
0.39758548
0.25120324
0.29701516
0.25192946
0.113956556
0.19444942
0.07352157
-0.06487899
-0.06578989
-0.01088431
-0.07453372
0.09383849
-0.085172884
-0.030258019
0.05316769
-0.012093191
0.18553664
0.3204149
0.15532881
0.1369954
-0.14809649
0.08007204
0.35400662
-0.101420954
0.24995111
-0.043528926
0.13932364
-0.0062967157
-0.15794572
-0.1039529
-0.042359382
-0.30290154
-0.32325634
-0.15392172
-0.42358798
-0.3910455
-0.0035533984
-0.1443585
0.12448925
0.13114347
0.1602442
-0.017277118
0.075773455
-0.08038481
-0.1341783
-0.016839817
0.15090775
-0.2035851
-0.32636496
0.03487805
-0.2972967
-0.63235927
0.13301754
0.19564341
0.19235002
0.08305309
0.26616672
0.02681796
0.38543332
0.12183405
0.12721924
0.4645173
0.09556551
0.13754499
0.08460428
-0.033920005
0.2283665
0.12367728
0.107565686
0.152069
0.14584534
-0.17810465
-0.3965658
-0.1545501
-0.17644706
-0.032113858
-0.17182876
0.19004634
0.20215411
0.49623534
-0.3515152
-0.003311088
0.054732986
0.049351905
0.53601146
0.20690033
0.1790391
0.20507686
0.062837645
0.041906703
0.023820126
-0.008559131
-0.060659863
0.13537481
0.024044236
-0.08682096
0.06921144
-0.00851778
0.17462328
0.13158914
-0.14299633
0.07631638
0.042209055
0.08668774
0.0035813383
-0.2585765
0.09493727
0.055858303
-0.052066743
0.02258328
-0.019760028
0.11021619
-0.08728853
-0.07604237
0.077592015
0.010353761
0.2069777
-0.07889948
0.02925941
0.29708385
0.19515023
-0.4094478
-0.33684322
0.07626795
0.0981711
-0.13226064
0.29707688
0.024199354
-0.10778018
-0.2863972
0.03063595
-0.24931921
-0.5953295
0.003658365
0.0070053204
0.11332455
0.01674204
-0.19128323
0.027737735
-0.08781864
0.124224566
-0.0017200315
0.020010939
0.123146616
-0.3042647
0.097083025
0.0660758
0.094857
0.040704947
-0.13525665
0.12304175
0.108707234
-0.00017030111
-0.36411434
0.05231873
0.07367438
-0.0554667
-0.26655626
-0.1474252
0.22571042
-0.45486075
0.08694734
0.24843511
-0.20160434
0.19305858
0.023856966
0.22751464
0.17498007
-0.16786823
-0.03564763
-0.073885486
-0.006068793
-0.028437495
0.100219235
0.28265253
-0.29714853
-0.28235072
0.23868671
-0.1421412
0.043295808
0.2977491
0.22659203
-0.13667722
-0.12887546
0.08936923
-0.12598039
-0.10636704
-0.13220842
-0.082628995
0.07886794
0.16958438
-0.0063062133
-0.06500505
0.0067552896
0.22344683
0.24128407
-0.016005592
-0.39877942
0.24563597
0.06804956
-0.050339848
0.19973093
0.039111722
0.21983488
0.08461428
-0.09955372
-0.30186954
0.016560132
-0.053469013
0.07585929
0.172798
-0.012140954
0.10297941
0.108843654
-0.025325608
0.0077154585
-0.3406004
0.28723356
0.06800492
-0.19479817
0.17059489
0.2103054
0.20586707
-0.2031128
0.124301754
0.16020077
-0.059664246
-0.2713939
-0.23396467
0.2129958
0.0450377
-0.09187434
0.34391165
0.215863
0.029420836
0.11805615
0.1406768
0.08695218
0.1830508
0.12535939
0.033367153
0.32613394
0.36142313
-0.20584744
0.1211404
0.2469547
0.004469944
0.1882308
-0.010242849
-0.15281062
0.24122775
-0.001029456
0.25088543
0.13011467
0.1462429
0.055863082
0.3368442
0.22161192
-0.017459963
-0.09828036
-0.19575314
-0.11620562
0.104117215
0.02550362
-0.022118876
-0.16524294
-0.15344228
-0.010481173
0.041037463
0.25103283
0.15835084
-0.317725
-0.08406477
0.27396017
-0.09248566
-0.005254703
0.14142238
0.3155972
0.274316
-0.009284772
0.08868981
0.36061156
0.107077114
-0.25925758
-0.15865271
-0.0031495492
-0.30886143
-0.18565924
0.05878805
0.052025285
0.22355181
0.10217909
0.026184097
0.2671889
0.1322891
0.010235314
0.06538317
0.0009890306
-0.056564707
-0.24970937
-0.07404251
0.15117319
-0.3090048
-0.14162679
-0.0143268015
0.044837695
0.20091002
0.29847068
0.18599805
0.05273018
0.10897059
0.1247567
0.057968587
0.21074347
-0.0526095
0.11235267
0.34576884
0.2758639
0.11646935
0.11923384
0.24162024
0.1282824
0.1020516
-0.045612406
-0.22937277
0.21136579
0.07883268
-0.13260216
0.28755802
0.22386271
0.03823087
-0.0007858465
-0.17558949
0.12984172
-0.052592337
-0.010087512
0.23068537
-0.38022473
0.05025207
0.12484898
-0.06791965
0.040254205
-0.019095888
-0.021504799
0.22142117
-0.095537305
0.1410276
-0.10282661
-0.0836979
