60
-0.032432865
0.021591524
-0.8399661
0.10784079
-0.08300471
0.27724296
0.29935822
-0.16762686
-0.5350595
0.5786546
-0.4005015
-0.19264396
-0.24677804
-0.4704872
-0.44286883
-0.13224095
0.5445367
-0.13354117
0.7251632
1.0178641
-0.0013567309
0.15894856
-0.4202929
-0.0023331651
-0.010945794
-0.62757033
-0.010218978
-0.044667922
-0.018841404
-0.010008394
0.2502956
-0.36683524
0.5877961
-0.10611358
-0.28267276
0.07470803
0.1858392
0.21184082
-0.37395027
-0.1615343
0.23486549
-0.3020178
-0.14634542
-0.01921615
-0.5876566
0.65690166
-0.032484375
-0.12969635
-0.27490684
-0.36833405
0.14256433
-0.00606658
0.41304854
-0.3870669
-0.051252622
-0.098696806
0.86791086
-0.30361983
0.98625576
0.11194932
