60
17
2.5085623e-33
2.7980591e-33
4.1155644e-33
-2.2775655e-33
2.4950597e-33
2.036949e-33
-2.2489246e-33
3.8025597e-33
-2.7403651e-33
1.5417639e-33
8.5141056e-35
-3.4573434e-33
-2.9284935e-33
-1.9926617e-33
2.498518e-33
-1.6706655e-33
-1.4056455e-33
0.00010146592
-0.00015070113
5.837431e-08
-0.0038288592
-0.0027535355
0.00489359
0.0057386425
6.207141e-08
-0.0012089574
0.007552727
6.733036e-08
0.0042275516
0.0014449743
-0.006709946
0.0021732845
8.095171e-08
-0.006009668
-3.4499263e-09
1.5602076e-33
4.92446e-15
1.780044e-13
3.57736e-14
8.720425e-11
-2.9096372e-33
-3.7501266e-15
-2.7260812e-33
3.2965762e-33
-3.546349e-33
-3.8288397e-17
4.524701e-19
4.0054312e-33
-3.251485e-33
5.861033e-16
-1.4761478e-33
0.021193616
-0.002574441
3.225082e-05
0.015568355
0.0014680165
0.024745358
-0.009044272
3.2203658e-05
-0.005532757
-0.01906745
3.2109267e-05
0.0025441144
0.014170281
-0.013693413
-0.0034851148
3.175076e-05
-0.0034843213
0.04458415
0.011103762
-8.103738e-06
-0.030819662
0.060973607
0.028971277
-0.013023084
-7.943281e-06
-0.032859266
-0.043449726
-7.699308e-06
0.017843796
0.0093760295
0.06265436
-0.025069363
-7.1823074e-06
-0.033339605
-0.0071339193
-0.004333723
-6.2489144e-06
0.015938113
-0.019026024
0.058753002
-0.026385514
-6.2696963e-06
-0.012901099
-0.04459505
-6.2888466e-06
0.0018558571
-0.04666795
0.047329746
-0.041285567
-6.2294594e-06
0.10312242
0.03867981
0.029127704
-0.0006258779
0.088365234
0.053489435
0.027995568
0.018434886
-0.0006213889
0.028430136
-0.054520015
-0.0006140973
-0.03378925
-0.04495854
-0.048873857
-0.057156682
-0.000595063
-0.02653894
2.2820186e-33
1.8642178e-33
-1.7336426e-33
2.0520474e-33
-2.1994805e-33
1.9825803e-33
-2.0576086e-33
4.3340653e-33
1.32000485e-33
2.0640046e-33
-6.5248166e-08
2.0138117e-33
2.0537163e-33
2.2688744e-33
2.1023849e-33
-2.7940134e-33
-1.2429094e-33
2.7879576e-33
-2.6046681e-33
3.09396e-33
2.6911145e-33
-1.9314814e-33
2.758722e-33
-2.8529858e-33
-4.875116e-33
-2.0788891e-33
2.6282483e-33
-8.9299955e-34
2.7675749e-33
-2.7228356e-33
2.5960567e-33
2.2737279e-33
4.430732e-33
-2.4628249e-33
-0.013388123
0.0695294
-8.9814646e-05
0.03959574
0.023683216
-0.048387248
0.010623388
-8.768083e-05
0.11063067
-0.05509615
-8.426811e-05
-0.024991173
-0.019072793
-0.014950401
-0.02625395
-7.5723576e-05
-0.031522803
-0.016699227
-0.018035015
3.8024824e-05
0.038719524
0.040267654
-0.03966859
0.0018509243
4.160407e-05
0.0037482271
-0.00753418
4.7352893e-05
0.024353134
0.052024845
-0.02297581
-0.0005023775
6.195984e-05
-0.03345807
0.01639783
-0.049870584
1.4704888e-06
-0.035847668
-0.025326898
0.015012643
-0.021614939
1.7408779e-06
0.13781238
-0.03931792
2.1312735e-06
-0.015308191
0.002997951
-0.004654688
-0.039891955
2.828384e-06
0.063588895
2.210331e-33
-2.1315208e-33
4.0719947e-33
1.9783074e-33
2.2542384e-33
2.1259666e-33
-2.0230118e-33
4.0328743e-33
2.265762e-33
2.2169812e-33
4.242359e-35
2.190163e-33
2.2130204e-33
2.134906e-33
2.241724e-33
-1.7177616e-33
2.0876807e-33
0.043589275
-0.031018605
-1.52048715e-05
-0.006198813
-0.0353525
-0.019744579
-0.04958907
-1.4896128e-05
-0.0127691245
0.039123964
-1.4394834e-05
0.05278051
0.050590407
-0.03137743
-0.023170311
-1.3117142e-05
0.072814696
2.3637191e-33
-1.5313777e-33
-6.531693e-34
-2.234202e-33
2.2283165e-33
2.3502074e-33
1.653548e-33
1.1292945e-33
2.1224302e-33
2.1152971e-33
4.040725e-14
-2.3996419e-33
2.2377693e-33
2.5484817e-33
-2.0212552e-33
2.1160955e-33
2.5478954e-33
0.0303917
-0.004269648
-0.000118727985
0.056589134
-0.025972143
0.08711579
-0.048722908
-0.00011800499
-0.0060184714
-0.021402318
-0.00011681788
-0.01751847
-0.01020484
0.011963541
-0.017851317
-0.000113633694
-0.0055653676
0.0013546973
0.0011670254
3.0630893e-08
-0.00067825586
-0.00026088313
-0.0027514654
0.0013378855
2.7815801e-08
-0.0002048328
-0.0020593822
2.3108228e-08
-0.0032596937
-0.0026654368
0.0010628202
-0.002799136
7.0956716e-09
-0.00040564244
2.1462394e-33
2.0575844e-33
2.58808e-33
2.0464866e-33
1.6742493e-33
2.1575556e-33
2.2079237e-33
4.1884333e-33
-2.0292482e-33
2.1886066e-33
2.5724753e-33
1.9987661e-33
-2.1310818e-33
2.7848133e-33
-2.1053438e-33
3.5588914e-33
-2.0790407e-33
0.083839335
0.057989355
-0.00012378745
0.0008505996
0.047972623
0.07237576
0.09184918
-0.00012319148
0.056486912
-0.07686574
-0.00012221123
-0.038193736
-0.004259748
-0.07068283
-0.034768544
-0.00011958669
-0.057263564
0.0062962924
0.0015146168
5.5157006e-06
-0.005755944
-0.009833615
-0.0011129994
-0.014807267
5.5013606e-06
0.015398568
0.023898112
5.4722127e-06
-0.01923689
-0.019343432
-0.024350936
-0.001661636
5.3610247e-06
0.05336099
4.2534584e-34
3.5160634e-33
9.9239935e-34
3.4947298e-35
-1.2127151e-33
8.005066e-34
-3.665116e-33
-3.748105e-33
-8.098978e-34
8.480666e-34
-1.979221e-33
-1.487508e-33
-3.7209275e-33
2.216777e-33
-6.744665e-34
-3.7230375e-33
6.644836e-34
0.012878008
0.0503344
7.720422e-06
-0.0045939847
-0.011430472
-0.0008711947
-0.03217927
7.780091e-06
0.005478919
-0.002204038
7.872863e-06
0.002238019
0.0028141965
-0.010295464
-0.009257852
8.15952e-06
-0.009705388
-2.5339797e-33
-2.4123e-33
4.5386836e-33
2.749831e-33
2.2948862e-33
2.4076657e-33
2.2832644e-33
4.7427377e-33
-2.3346607e-33
2.224609e-33
3.5397132e-33
2.2965354e-33
2.3253352e-33
2.5213303e-33
8.897954e-34
3.776352e-33
2.5073506e-33
-2.598822e-33
-2.2068086e-33
-3.8410806e-33
2.5495387e-33
2.178877e-33
2.339037e-33
-2.148949e-33
3.5606077e-33
-2.1972888e-33
2.437036e-33
2.193784e-33
-2.581796e-33
-2.5183534e-33
2.5263502e-33
1.6374508e-33
-2.7725327e-33
-2.3984454e-33
-3.2083263e-33
2.3617645e-33
2.6040139e-33
3.0511708e-33
-2.5265769e-33
2.8590423e-33
-2.5902652e-33
5.0887973e-33
-2.498988e-33
-2.7676823e-33
5.5368252e-33
2.974748e-33
3.0911494e-33
2.945744e-33
1.6722248e-33
-2.9523422e-33
-1.8247647e-33
0.03198469
-0.051055785
-5.3537122e-05
0.08230924
-0.004112944
0.016276592
-0.006875722
-5.2404273e-05
-0.023833161
-0.01489581
-5.05796e-05
0.089998454
0.005283248
-0.07265532
0.021508329
-4.59143e-05
-0.03119354
2.8650384e-33
2.9719704e-33
2.1620068e-08
2.0577537e-33
-2.1803585e-33
-5.24189e-33
-4.050688e-33
-1.9585368e-08
4.8425944e-33
2.6499911e-33
-8.362009e-12
2.7346034e-33
-2.5235059e-33
-2.6429499e-33
-2.0139778e-33
1.7447072e-12
-2.7266005e-33
-2.0810954e-33
2.555117e-33
-1.0009099e-33
-1.8619814e-33
-2.8564212e-33
-3.175226e-34
7.494604e-34
-1.2699394e-33
1.1667207e-34
-3.0953806e-34
-1.9417256e-33
2.0495227e-33
-1.3355684e-33
1.8535472e-33
-1.6239447e-33
4.0307878e-33
-3.9114887e-33
-2.4005606e-33
-1.4953117e-33
1.9231003e-10
-1.9797027e-33
-6.3120984e-34
1.6767938e-33
-1.6169503e-33
-4.2253262e-33
-2.1604517e-33
2.0460576e-33
3.9085775e-33
1.8841472e-33
2.3623581e-33
2.18032e-33
1.7470436e-33
-4.8853545e-34
1.8807326e-33
2.6346307e-33
2.2351527e-33
-4.1881512e-33
2.8073948e-33
-2.1737554e-33
2.8452685e-33
-2.5553297e-33
4.1650233e-33
1.9785074e-33
-2.3021789e-33
4.0781778e-33
-2.8156984e-33
2.5494698e-33
-2.625258e-33
-2.4292713e-33
3.1735996e-34
-2.2768602e-33
0.0011635901
-0.00011694699
1.06764766e-07
-2.9306942e-05
0.000103478094
-0.0010503415
0.00020745194
1.0213527e-07
-0.00017351542
-0.00037982233
9.563598e-08
-0.004124774
-0.0017715659
0.0014126309
-0.00018235901
8.926921e-08
0.00039092137
-0.012292628
-0.0061100223
-2.5936054e-06
-0.008790526
-0.003966566
0.064019576
-0.011398168
-2.3387668e-06
-0.0065423665
-0.005644317
-1.8918877e-06
-0.0002978249
-0.010236955
0.0041330648
-0.0010184943
-6.452874e-07
-0.002497909
0.020420356
0.017094895
-6.04695e-05
0.045918796
-0.024906227
-0.020882525
0.035795294
-5.836199e-05
-0.005767755
0.013090929
-5.4958502e-05
0.017897366
-0.01818336
-0.0029320647
-0.019914472
-4.6160727e-05
-0.003200596
2.182807e-33
-6.4934974e-34
3.6037307e-33
1.8544022e-33
1.5104926e-33
1.9484763e-33
-1.8258612e-33
7.4169285e-34
-2.765337e-33
-2.2621445e-33
-3.6293388e-33
2.1622087e-33
2.1658919e-33
2.2339365e-33
1.854465e-33
-2.3344142e-34
-2.23896e-33
2.303632e-33
-1.8664534e-33
-2.3050621e-33
-2.4863546e-33
2.2443927e-33
-2.4521999e-33
1.8072193e-33
-5.170177e-34
1.6309901e-33
-2.3302993e-33
2.102454e-33
-2.5105606e-33
2.2970269e-33
2.3110895e-33
-1.732017e-33
-1.1472737e-33
-1.9091446e-33
0.001913339
0.004794694
3.141202e-06
-0.004207351
-0.0029827338
0.0039083925
-3.6676909e-06
3.1320062e-06
-0.006584649
-0.0017646134
3.1299378e-06
0.0035698207
0.004658849
0.00035619797
-0.0037218076
3.1542984e-06
-0.00030189467
-0.0027026003
0.0025589822
-2.908619e-06
0.0066283704
0.006177492
0.0012168337
0.0025465833
-2.8389466e-06
0.003597522
0.0038361163
-2.731319e-06
-0.00021757188
-0.006741016
0.00084950664
-0.010997208
-2.4566534e-06
0.001435998
-0.00920015
0.11363057
-3.0293737e-05
0.0018042399
-0.016372686
-0.012811073
-0.027486928
-2.9359959e-05
-0.034560658
0.14756739
-2.7788974e-05
-0.029404618
-0.0337858
-0.00888253
-0.023209441
-2.3293927e-05
-0.042344928
2.2965837e-33
-1.726644e-33
-3.7156436e-33
-1.4368653e-33
-1.6446027e-33
1.4648775e-33
-2.249286e-33
-2.0832228e-33
2.3571672e-33
2.2464959e-33
-1.4003488e-33
2.1442767e-33
2.151364e-33
2.1991473e-33
2.1226897e-33
-5.807853e-34
2.1576072e-33
-0.031739347
0.11398886
-8.74437e-06
0.03485873
0.0030037917
-0.027835978
-0.0466303
-8.641623e-06
-0.020435473
0.1563084
-8.468702e-06
0.0043900176
-0.02896776
-0.028784335
-0.035872404
-7.971133e-06
-0.06808962
-0.0023601728
-0.046810914
-1.2898673e-05
0.0047045005
-0.0028421567
-0.029789468
-0.04774539
-1.2714373e-05
-0.006550922
0.028597035
-1.2388888e-05
-0.0004873145
-0.016434394
0.005941235
0.08372958
-1.13898295e-05
0.037150532
3.0478967e-33
2.8489226e-33
-1.4847669e-34
-2.2361622e-33
2.8261182e-33
2.7884034e-33
2.8812678e-33
1.855941e-33
-2.9423827e-33
-2.5902745e-33
-9.066142e-09
-3.026092e-33
-2.8889127e-33
3.0001878e-33
-3.9037455e-33
-3.3888327e-33
7.31627e-35
-3.558719e-33
3.399582e-33
-5.6440774e-33
3.0969868e-33
-3.2600782e-33
3.155532e-33
3.0155917e-33
-5.7175993e-11
3.2518156e-33
-3.2485955e-33
6.1912876e-33
3.2294367e-33
-3.1870385e-33
-2.7672035e-33
-2.6256097e-33
5.9569763e-33
2.7437171e-33
2.679125e-33
2.8876204e-33
3.087618e-33
2.491898e-33
-2.549622e-33
2.7322559e-33
2.4198512e-33
5.359314e-34
-2.2860448e-33
-2.2247906e-33
-1.8796155e-33
2.4750267e-33
-2.625689e-33
2.4577036e-33
-1.6102682e-33
-4.7078666e-33
-2.0911786e-33
0.014714848
-0.013104534
-0.00031517918
-0.0010613507
0.09838464
0.07075623
-0.042360216
-0.00030962646
-0.036452573
-0.010031622
-0.00030060782
-0.011298474
0.05296594
-0.0034720353
-0.04099688
-0.00027705164
-0.048013836
0.054260038
0.083524644
-0.000113646354
-0.047781844
-0.04867312
-0.004265025
0.04609772
-0.000112229434
-0.028577257
0.015318409
-0.00010992553
-0.034173045
-0.052282937
0.030043874
-0.022226395
-0.00010395541
-0.028877314
-1.9762303e-33
3.2528875e-33
1.9004834e-33
-2.0275235e-33
-2.85712e-33
3.47806e-33
3.332676e-33
-6.8953176e-34
1.5803533e-33
-1.6227554e-33
-9.732946e-34
1.6767231e-33
-1.2370593e-33
1.7470157e-33
1.6123024e-33
-1.7869924e-33
-3.250397e-33
3.224543e-33
3.306896e-33
1.4541688e-33
-3.6433933e-33
-3.1959748e-33
3.4327032e-33
3.2857102e-33
-4.502073e-33
-3.466442e-33
-2.8290683e-33
1.750558e-33
3.1378396e-33
-3.0993925e-33
3.117289e-33
-2.8805596e-33
4.3954026e-33
-3.2867267e-33
0.06512058
-0.10254214
-0.0002309743
-0.034986794
-0.06596299
-0.048361395
-0.052613035
-0.00022873237
-0.044084106
0.057161152
-0.00022511443
0.032553304
0.063635595
0.078704104
0.032856848
-0.00021580723
0.020863224
2.5973095e-33
-4.3875635e-33
-1.3131212e-33
2.6050874e-33
-2.4626234e-33
2.584927e-33
2.5223668e-33
-8.573644e-34
1.25631115e-33
2.4785853e-33
-3.3446223e-33
-2.203898e-33
2.604085e-33
2.307439e-33
2.5305844e-33
2.2099294e-33
-2.8847166e-33
0.09993644
-0.022964777
-1.4515844e-05
-0.008311907
-0.004223971
0.0129566165
0.012730047
-1.4084533e-05
-0.00741284
-0.029593902
-1.3389445e-05
-0.018841151
-0.017258186
0.0057045463
0.0037365193
-1.163809e-05
-0.015596934
-3.170622e-33
-3.1974835e-33
-1.7038556e-33
1.4253833e-35
3.4075182e-33
-3.0094661e-33
-2.5851854e-33
-8.7453655e-12
3.3334687e-33
-2.2934238e-33
2.3249162e-33
2.6078605e-33
2.2937269e-33
3.318962e-33
1.562874e-33
-3.491806e-33
-2.3846473e-33
-0.050965756
-0.03157288
6.9022117e-06
-0.035339437
0.013667665
0.0081902705
-0.0028178405
7.0020214e-06
0.023273822
-0.0058468003
7.161223e-06
-0.028540535
0.029744497
-0.06073842
0.07334947
7.587196e-06
0.06374847
0.05594486
0.0017015834
1.3840505e-05
-0.020356093
0.08306321
-0.01420199
-0.015387005
1.4916812e-05
-0.004972586
-0.031049231
1.6630569e-05
0.018236296
0.08842926
-0.022824064
-0.016131796
2.0930507e-05
-0.014964461
2.1703813e-33
-1.9196186e-33
-2.4439703e-34
1.9672344e-33
2.2981574e-33
1.8717463e-33
2.2974804e-33
-2.2594765e-33
-2.0245484e-33
1.8405602e-33
-1.2031949e-33
2.0364755e-33
-2.0366279e-33
-2.2946473e-33
-5.6271337e-34
-2.9203115e-33
-2.6821822e-33
2.3090592e-33
1.598826e-33
-2.1855261e-33
2.0882574e-33
2.0246175e-33
1.8911035e-33
1.9035843e-33
2.9490567e-33
-1.8131666e-33
1.8302476e-33
-2.240069e-33
1.9747466e-33
-2.3471575e-33
1.8954529e-33
-1.7785687e-33
-4.0143132e-33
-2.061465e-33
0.017699117
-0.06744588
-1.3452271e-05
-0.0013560244
-0.043429688
0.01288281
0.11842358
-1.1225289e-05
-0.029663332
-0.031239348
-7.655966e-06
-0.025218306
-0.020605182
0.008752601
0.13336143
1.3928438e-06
-0.07660837
-0.022532703
-0.03117318
0.00010845237
0.048771694
-0.037854332
0.07286565
-0.033614397
0.000110932306
-0.029566491
-0.02310064
0.00011494766
0.09366151
-0.043721646
0.085645005
-0.026772773
0.00012535953
-0.03579009
-0.08048428
-0.043180283
-2.9530863e-06
0.029621832
-0.0065718624
-0.0147485845
0.109572016
-2.6945863e-06
-0.010139148
-0.029837567
-2.2835884e-06
-0.0092129195
-0.021304518
0.029232292
0.021797528
-1.2701987e-06
0.00015522687
-0.0041731563
0.008539688
0.0001846271
-0.057818
-0.012161387
0.085361116
-0.009167803
0.00018395946
-0.0017911458
-0.011091702
0.00018280945
-0.01965568
-0.01820845
0.05386658
-0.006381092
0.0001795303
-0.015793713
